3D/Venosta_3D/input_maps500/asp.asc
ncols 126 
nrows 96 
xllcorner 598000 
yllcorner 5145000 
cellsize 500 
NODATA_value -9999 
[rows 0 to 43 of 96, columns 0 to 95 of 126]
141 141 171 171 108 108 192 192 248 248 250 250 135 135 115 115 149 149 120 120 134 134 138 138 91 91 311 311 328 328 49 49 30 30 261 261 251 251 258 258 304 304 266 266 246 246 360 360 261 261 343 343 31 31 322 322 233 233 139 139 90 90 40 40 352 352 18 18 30 30 334 334 293 293 269 269 218 218 102 102 166 166 232 232 209 209 127 127 147 147 161 161 143 143 130 130
141 141 171 171 108 108 192 192 248 248 250 250 135 135 115 115 149 149 120 120 134 134 138 138 91 91 311 311 328 328 49 49 30 30 261 261 251 251 258 258 304 304 266 266 246 246 360 360 261 261 343 343 31 31 322 322 233 233 139 139 90 90 40 40 352 352 18 18 30 30 334 334 293 293 269 269 218 218 102 102 166 166 232 232 209 209 127 127 147 147 161 161 143 143 130 130
35 35 42 42 62 62 221 221 263 263 268 268 146 146 103 103 129 129 141 141 128 128 149 149 318 318 316 316 330 330 35 35 71 71 299 299 297 297 308 308 318 318 342 342 263 263 338 338 283 283 205 205 163 163 138 138 158 158 190 190 295 295 9 9 18 18 9 9 353 353 342 342 348 348 304 304 287 287 91 91 92 92 212 212 189 189 135 135 137 137 144 144 139 139 183 183
35 35 42 42 62 62 221 221 263 263 268 268 146 146 103 103 129 129 141 141 128 128 149 149 318 318 316 316 330 330 35 35 71 71 299 299 297 297 308 308 318 318 342 342 263 263 338 338 283 283 205 205 163 163 138 138 158 158 190 190 295 295 9 9 18 18 9 9 353 353 342 342 348 348 304 304 287 287 91 91 92 92 212 212 189 189 135 135 137 137 144 144 139 139 183 183
353 353 24 24 80 80 106 106 245 245 211 211 154 154 121 121 104 104 132 132 131 131 316 316 314 314 332 332 9 9 87 87 111 111 299 299 284 284 307 307 313 313 326 326 321 321 253 253 142 142 165 165 182 182 177 177 167 167 248 248 277 277 281 281 342 342 351 351 23 23 24 24 316 316 313 313 115 115 97 97 87 87 80 80 175 175 136 136 108 108 355 355 8 8 352 352
353 353 24 24 80 80 106 106 245 245 211 211 154 154 121 121 104 104 132 132 131 131 316 316 314 314 332 332 9 9 87 87 111 111 299 299 284 284 307 307 313 313 326 326 321 321 253 253 142 142 165 165 182 182 177 177 167 167 248 248 277 277 281 281 342 342 351 351 23 23 24 24 316 316 313 313 115 115 97 97 87 87 80 80 175 175 136 136 108 108 355 355 8 8 352 352
68 68 85 85 80 80 69 69 202 202 199 199 174 174 146 146 112 112 112 112 272 272 313 313 312 312 324 324 62 62 80 80 90 90 284 284 275 275 295 295 325 325 248 248 156 156 146 146 153 153 162 162 170 170 182 182 207 207 252 252 236 236 251 251 272 272 51 51 55 55 10 10 326 326 321 321 128 128 111 111 93 93 61 61 120 120 172 172 328 328 338 338 41 41 71 71
68 68 85 85 80 80 69 69 202 202 199 199 174 174 146 146 112 112 112 112 272 272 313 313 312 312 324 324 62 62 80 80 90 90 284 284 275 275 295 295 325 325 248 248 156 156 146 146 153 153 162 162 170 170 182 182 207 207 252 252 236 236 251 251 272 272 51 51 55 55 10 10 326 326 321 321 128 128 111 111 93 93 61 61 120 120 172 172 328 328 338 338 41 41 71 71
146 146 163 163 83 83 68 68 67 67 197 197 185 185 168 168 148 148 101 101 303 303 292 292 313 313 8 8 106 106 88 88 75 75 242 242 252 252 250 250 178 178 135 135 147 147 149 149 144 144 144 144 342 342 345 345 266 266 232 232 221 221 226 226 216 216 205 205 117 117 4 4 334 334 109 109 121 121 142 142 168 168 132 132 96 96 310 310 314 314 15 15 104 104 80 80
146 146 163 163 83 83 68 68 67 67 197 197 185 185 168 168 148 148 101 101 303 303 292 292 313 313 8 8 106 106 88 88 75 75 242 242 252 252 250 250 178 178 135 135 147 147 149 149 144 144 144 144 342 342 345 345 266 266 232 232 221 221 226 226 216 216 205 205 117 117 4 4 334 334 109 109 121 121 142 142 168 168 132 132 96 96 310 310 314 314 15 15 104 104 80 80
142 142 153 153 169 169 126 126 85 85 101 101 136 136 180 180 360 360 318 318 299 299 283 283 275 275 98 98 103 103 106 106 77 77 212 212 234 234 238 238 201 201 155 155 145 145 137 137 245 245 316 316 340 340 7 7 28 28 331 331 235 235 216 216 215 215 220 220 228 228 286 286 207 207 135 135 134 134 121 121 111 111 174 174 316 316 305 305 313 313 103 103 118 118 328 328
142 142 153 153 169 169 126 126 85 85 101 101 136 136 180 180 360 360 318 318 299 299 283 283 275 275 98 98 103 103 106 106 77 77 212 212 234 234 238 238 201 201 155 155 145 145 137 137 245 245 316 316 340 340 7 7 28 28 331 331 235 235 216 216 215 215 220 220 228 228 286 286 207 207 135 135 134 134 121 121 111 111 174 174 316 316 305 305 313 313 103 103 118 118 328 328
167 167 146 146 147 147 160 160 152 152 139 139 35 35 321 321 330 330 352 352 305 305 278 278 262 262 119 119 97 97 94 94 50 50 60 60 248 248 225 225 180 180 163 163 148 148 250 250 294 294 297 297 347 347 13 13 12 12 30 30 6 6 297 297 311 311 328 328 273 273 275 275 136 136 132 132 119 119 336 336 21 21 1 1 319 319 311 311 185 185 111 111 115 115 300 300
167 167 146 146 147 147 160 160 152 152 139 139 35 35 321 321 330 330 352 352 305 305 278 278 262 262 119 119 97 97 94 94 50 50 60 60 248 248 225 225 180 180 163 163 148 148 250 250 294 294 297 297 347 347 13 13 12 12 30 30 6 6 297 297 311 311 328 328 273 273 275 275 136 136 132 132 119 119 336 336 21 21 1 1 319 319 311 311 185 185 111 111 115 115 300 300
159 159 157 157 147 147 144 144 163 163 355 355 294 294 291 291 315 315 12 12 2 2 300 300 305 305 122 122 116 116 43 43 39 39 61 61 218 218 192 192 190 190 306 306 309 309 328 328 297 297 270 270 259 259 341 341 6 6 31 31 353 353 334 334 328 328 347 347 348 348 124 124 119 119 89 89 331 331 18 18 102 102 324 324 305 305 347 347 140 140 121 121 26 26 277 277
159 159 157 157 147 147 144 144 163 163 355 355 294 294 291 291 315 315 12 12 2 2 300 300 305 305 122 122 116 116 43 43 39 39 61 61 218 218 192 192 190 190 306 306 309 309 328 328 297 297 270 270 259 259 341 341 6 6 31 31 353 353 334 334 328 328 347 347 348 348 124 124 119 119 89 89 331 331 18 18 102 102 324 324 305 305 347 347 140 140 121 121 26 26 277 277
142 142 151 151 152 152 360 360 325 325 339 339 352 352 252 252 265 265 331 331 20 20 329 329 120 120 120 120 91 91 351 351 51 51 64 64 90 90 260 260 302 302 339 339 350 350 343 343 331 331 326 326 250 250 295 295 196 196 22 22 344 344 302 302 277 277 353 353 62 62 115 115 77 77 323 323 346 346 111 111 31 31 314 314 316 316 114 114 115 115 94 94 353 353 324 324
142 142 151 151 152 152 360 360 325 325 339 339 352 352 252 252 265 265 331 331 20 20 329 329 120 120 120 120 91 91 351 351 51 51 64 64 90 90 260 260 302 302 339 339 350 350 343 343 331 331 326 326 250 250 295 295 196 196 22 22 344 344 302 302 277 277 353 353 62 62 115 115 77 77 323 323 346 346 111 111 31 31 314 314 316 316 114 114 115 115 94 94 353 353 324 324
139 139 360 360 326 326 318 318 330 330 331 331 32 32 170 170 248 248 225 225 17 17 72 72 121 121 127 127 332 332 350 350 53 53 72 72 90 90 267 267 279 279 275 275 354 354 19 19 295 295 310 310 336 336 208 208 190 190 288 288 347 347 156 156 227 227 222 222 122 122 145 145 300 300 180 180 148 148 108 108 321 321 317 317 37 37 113 113 48 48 339 339 327 327 343 343
139 139 360 360 326 326 318 318 330 330 331 331 32 32 170 170 248 248 225 225 17 17 72 72 121 121 127 127 332 332 350 350 53 53 72 72 90 90 267 267 279 279 275 275 354 354 19 19 295 295 310 310 336 336 208 208 190 190 288 288 347 347 156 156 227 227 222 222 122 122 145 145 300 300 180 180 148 148 108 108 321 321 317 317 37 37 113 113 48 48 339 339 327 327 343 343
318 318 326 326 329 329 321 321 314 314 3 3 96 96 36 36 247 247 229 229 225 225 82 82 90 90 315 315 309 309 5 5 73 73 85 85 90 90 270 270 253 253 243 243 279 279 43 43 23 23 271 271 334 334 132 132 265 265 293 293 127 127 162 162 270 270 207 207 107 107 152 152 173 173 161 161 203 203 312 312 305 305 308 308 137 137 120 120 7 7 348 348 320 320 316 316
318 318 326 326 329 329 321 321 314 314 3 3 96 96 36 36 247 247 229 229 225 225 82 82 90 90 315 315 309 309 5 5 73 73 85 85 90 90 270 270 253 253 243 243 279 279 43 43 23 23 271 271 334 334 132 132 265 265 293 293 127 127 162 162 270 270 207 207 107 107 152 152 173 173 161 161 203 203 312 312 305 305 308 308 137 137 120 120 7 7 348 348 320 320 316 316
332 332 321 321 326 326 318 318 334 334 34 34 78 78 14 14 12 12 280 280 249 249 289 289 45 45 345 345 279 279 46 46 99 99 95 95 88 88 270 270 255 255 261 261 271 271 163 163 352 352 297 297 164 164 154 154 290 290 242 242 104 104 226 226 244 244 233 233 108 108 113 113 159 159 204 204 242 242 269 269 191 191 140 140 156 156 242 242 272 272 345 345 318 318 145 145
332 332 321 321 326 326 318 318 334 334 34 34 78 78 14 14 12 12 280 280 249 249 289 289 45 45 345 345 279 279 46 46 99 99 95 95 88 88 270 270 255 255 261 261 271 271 163 163 352 352 297 297 164 164 154 154 290 290 242 242 104 104 226 226 244 244 233 233 108 108 113 113 159 159 204 204 242 242 269 269 191 191 140 140 156 156 242 242 272 272 345 345 318 318 145 145
334 334 279 279 324 324 320 320 305 305 64 64 46 46 326 326 0 0 27 27 293 293 263 263 67 67 31 31 297 297 116 116 94 94 87 87 93 93 255 255 268 268 254 254 233 233 215 215 325 325 129 129 141 141 271 271 285 285 196 196 87 87 96 96 237 237 246 246 114 114 95 95 105 105 202 202 226 226 211 211 184 184 167 167 157 157 223 223 244 244 248 248 123 123 125 125
334 334 279 279 324 324 320 320 305 305 64 64 46 46 326 326 0 0 27 27 293 293 263 263 67 67 31 31 297 297 116 116 94 94 87 87 93 93 255 255 268 268 254 254 233 233 215 215 325 325 129 129 141 141 271 271 285 285 196 196 87 87 96 96 237 237 246 246 114 114 95 95 105 105 202 202 226 226 211 211 184 184 167 167 157 157 223 223 244 244 248 248 123 123 125 125
39 39 259 259 263 263 304 304 260 260 285 285 25 25 18 18 85 85 35 35 284 284 261 261 42 42 342 342 228 228 126 126 99 99 85 85 91 91 262 262 263 263 234 234 214 214 256 256 203 203 141 141 227 227 309 309 284 284 175 175 130 130 133 133 247 247 247 247 48 48 69 69 49 49 66 66 225 225 216 216 173 173 167 167 168 168 226 226 222 222 198 198 171 171 121 121
39 39 259 259 263 263 304 304 260 260 285 285 25 25 18 18 85 85 35 35 284 284 261 261 42 42 342 342 228 228 126 126 99 99 85 85 91 91 262 262 263 263 234 234 214 214 256 256 203 203 141 141 227 227 309 309 284 284 175 175 130 130 133 133 247 247 247 247 48 48 69 69 49 49 66 66 225 225 216 216 173 173 167 167 168 168 226 226 222 222 198 198 171 171 121 121
63 63 285 285 251 251 254 254 284 284 161 161 98 98 41 41 73 73 49 49 249 249 252 252 31 31 64 64 134 134 156 156 113 113 73 73 77 77 270 270 244 244 226 226 286 286 261 261 148 148 156 156 295 295 288 288 149 149 135 135 143 143 171 171 259 259 269 269 17 17 64 64 68 68 74 74 56 56 210 210 162 162 155 155 186 186 208 208 223 223 216 216 156 156 165 165
63 63 285 285 251 251 254 254 284 284 161 161 98 98 41 41 73 73 49 49 249 249 252 252 31 31 64 64 134 134 156 156 113 113 73 73 77 77 270 270 244 244 226 226 286 286 261 261 148 148 156 156 295 295 288 288 149 149 135 135 143 143 171 171 259 259 269 269 17 17 64 64 68 68 74 74 56 56 210 210 162 162 155 155 186 186 208 208 223 223 216 216 156 156 165 165
87 87 90 90 254 254 257 257 184 184 177 177 213 213 98 98 37 37 46 46 54 54 227 227 203 203 106 106 100 100 107 107 357 357 73 73 87 87 158 158 232 232 271 271 259 259 165 165 157 157 296 296 298 298 189 189 154 154 144 144 147 147 296 296 300 300 289 289 310 310 79 79 111 111 73 73 49 49 113 113 157 157 55 55 351 351 220 220 237 237 216 216 136 136 117 117
87 87 90 90 254 254 257 257 184 184 177 177 213 213 98 98 37 37 46 46 54 54 227 227 203 203 106 106 100 100 107 107 357 357 73 73 87 87 158 158 232 232 271 271 259 259 165 165 157 157 296 296 298 298 189 189 154 154 144 144 147 147 296 296 300 300 289 289 310 310 79 79 111 111 73 73 49 49 113 113 157 157 55 55 351 351 220 220 237 237 216 216 136 136 117 117
107 107 90 90 241 241 219 219 161 161 198 198 235 235 220 220 176 176 76 76 47 47 78 78 197 197 190 190 117 117 344 344 53 53 106 106 105 105 162 162 247 247 246 246 176 176 177 177 293 293 300 300 201 201 142 142 151 151 155 155 257 257 289 289 287 287 295 295 149 149 85 85 57 57 24 24 28 28 42 42 357 357 343 343 43 43 88 88 218 218 201 201 190 190 195 195
107 107 90 90 241 241 219 219 161 161 198 198 235 235 220 220 176 176 76 76 47 47 78 78 197 197 190 190 117 117 344 344 53 53 106 106 105 105 162 162 247 247 246 246 176 176 177 177 293 293 300 300 201 201 142 142 151 151 155 155 257 257 289 289 287 287 295 295 149 149 85 85 57 57 24 24 28 28 42 42 357 357 343 343 43 43 88 88 218 218 201 201 190 190 195 195
113 113 35 35 272 272 201 201 190 190 310 310 309 309 283 283 243 243 278 278 40 40 82 82 105 105 213 213 230 230 118 118 118 118 117 117 118 118 167 167 225 225 220 220 285 285 294 294 313 313 177 177 149 149 143 143 113 113 320 320 311 311 263 263 274 274 216 216 172 172 180 180 91 91 118 118 32 32 33 33 346 346 14 14 106 106 59 59 54 54 180 180 208 208 205 205
113 113 35 35 272 272 201 201 190 190 310 310 309 309 283 283 243 243 278 278 40 40 82 82 105 105 213 213 230 230 118 118 118 118 117 117 118 118 167 167 225 225 220 220 285 285 294 294 313 313 177 177 149 149 143 143 113 113 320 320 311 311 263 263 274 274 216 216 172 172 180 180 91 91 118 118 32 32 33 33 346 346 14 14 106 106 59 59 54 54 180 180 208 208 205 205
12 12 346 346 40 40 28 28 282 282 255 255 284 284 347 347 2 2 349 349 86 86 83 83 52 52 138 138 213 213 187 187 121 121 111 111 122 122 196 196 290 290 292 292 310 310 311 311 161 161 139 139 146 146 223 223 308 308 336 336 4 4 271 271 271 271 82 82 96 96 169 169 179 179 221 221 253 253 1 1 39 39 104 104 87 87 6 6 21 21 25 25 48 48 83 83
12 12 346 346 40 40 28 28 282 282 255 255 284 284 347 347 2 2 349 349 86 86 83 83 52 52 138 138 213 213 187 187 121 121 111 111 122 122 196 196 290 290 292 292 310 310 311 311 161 161 139 139 146 146 223 223 308 308 336 336 4 4 271 271 271 271 82 82 96 96 169 169 179 179 221 221 253 253 1 1 39 39 104 104 87 87 6 6 21 21 25 25 48 48 83 83
358 358 44 44 338 338 350 350 33 33 220 220 229 229 219 219 235 235 132 132 87 87 89 89 81 81 62 62 97 97 198 198 153 153 117 117 117 117 242 242 263 263 253 253 231 231 201 201 135 135 133 133 206 206 305 305 293 293 311 311 27 27 6 6 262 262 315 315 79 79 62 62 151 151 240 240 255 255 330 330 96 96 88 88 347 347 1 1 35 35 61 61 25 25 44 44
358 358 44 44 338 338 350 350 33 33 220 220 229 229 219 219 235 235 132 132 87 87 89 89 81 81 62 62 97 97 198 198 153 153 117 117 117 117 242 242 263 263 253 253 231 231 201 201 135 135 133 133 206 206 305 305 293 293 311 311 27 27 6 6 262 262 315 315 79 79 62 62 151 151 240 240 255 255 330 330 96 96 88 88 347 347 1 1 35 35 61 61 25 25 44 44
44 44 40 40 311 311 344 344 55 55 61 61 230 230 244 244 218 218 204 204 130 130 78 78 65 65 86 86 57 57 100 100 137 137 94 94 107 107 227 227 217 217 208 208 215 215 205 205 146 146 150 150 283 283 290 290 300 300 277 277 0 0 36 36 271 271 177 177 112 112 57 57 90 90 237 237 257 257 211 211 75 75 10 10 324 324 65 65 94 94 32 32 356 356 51 51
44 44 40 40 311 311 344 344 55 55 61 61 230 230 244 244 218 218 204 204 130 130 78 78 65 65 86 86 57 57 100 100 137 137 94 94 107 107 227 227 217 217 208 208 215 215 205 205 146 146 150 150 283 283 290 290 300 300 277 277 0 0 36 36 271 271 177 177 112 112 57 57 90 90 237 237 257 257 211 211 75 75 10 10 324 324 65 65 94 94 32 32 356 356 51 51
45 45 39 39 315 315 306 306 79 79 64 64 298 298 5 5 73 73 210 210 224 224 13 13 79 79 68 68 56 56 47 47 45 45 67 67 88 88 142 142 194 194 215 215 225 225 196 196 160 160 248 248 278 278 274 274 293 293 265 265 180 180 138 138 192 192 180 180 135 135 132 132 95 95 224 224 245 245 229 229 281 281 12 12 86 86 122 122 93 93 323 323 343 343 60 60
45 45 39 39 315 315 306 306 79 79 64 64 298 298 5 5 73 73 210 210 224 224 13 13 79 79 68 68 56 56 47 47 45 45 67 67 88 88 142 142 194 194 215 215 225 225 196 196 160 160 248 248 278 278 274 274 293 293 265 265 180 180 138 138 192 192 180 180 135 135 132 132 95 95 224 224 245 245 229 229 281 281 12 12 86 86 122 122 93 93 323 323 343 343 60 60
