3D/Venosta_3D/input_maps500/asp.asc
ncols 126 
nrows 96 
xllcorner 598000 
yllcorner 5145000 
cellsize 500 
NODATA_value -9999 
[rows 44 to 87 of 96, columns 0 to 95 of 126]
218 218 42 42 356 356 122 122 111 111 82 82 302 302 308 308 30 30 76 76 218 218 179 179 123 123 50 50 132 132 112 112 126 126 127 127 99 99 82 82 180 180 214 214 212 212 196 196 232 232 297 297 291 291 284 284 247 247 180 180 155 155 172 172 198 198 173 173 126 126 107 107 71 71 190 190 252 252 242 242 251 251 157 157 115 115 76 76 354 354 323 323 184 184 94 94
218 218 42 42 356 356 122 122 111 111 82 82 302 302 308 308 30 30 76 76 218 218 179 179 123 123 50 50 132 132 112 112 126 126 127 127 99 99 82 82 180 180 214 214 212 212 196 196 232 232 297 297 291 291 284 284 247 247 180 180 155 155 172 172 198 198 173 173 126 126 107 107 71 71 190 190 252 252 242 242 251 251 157 157 115 115 76 76 354 354 323 323 184 184 94 94
184 184 262 262 27 27 115 115 109 109 275 275 283 283 297 297 50 50 79 79 197 197 213 213 152 152 144 144 138 138 139 139 137 137 134 134 0 0 11 11 30 30 137 137 214 214 238 238 278 278 297 297 300 300 246 246 167 167 174 174 186 186 150 150 166 166 209 209 238 238 122 122 106 106 158 158 230 230 231 231 204 204 164 164 175 175 197 197 191 191 123 123 156 156 174 174
184 184 262 262 27 27 115 115 109 109 275 275 283 283 297 297 50 50 79 79 197 197 213 213 152 152 144 144 138 138 139 139 137 137 134 134 0 0 11 11 30 30 137 137 214 214 238 238 278 278 297 297 300 300 246 246 167 167 174 174 186 186 150 150 166 166 209 209 238 238 122 122 106 106 158 158 230 230 231 231 204 204 164 164 175 175 197 197 191 191 123 123 156 156 174 174
234 234 260 260 148 148 108 108 76 76 330 330 242 242 241 241 121 121 84 84 78 78 172 172 153 153 159 159 143 143 136 136 340 340 329 329 356 356 38 38 49 49 75 75 270 270 257 257 259 259 259 259 229 229 151 151 163 163 208 208 201 201 122 122 177 177 242 242 198 198 164 164 140 140 134 134 219 219 229 229 190 190 165 165 174 174 205 205 197 197 152 152 147 147 167 167
234 234 260 260 148 148 108 108 76 76 330 330 242 242 241 241 121 121 84 84 78 78 172 172 153 153 159 159 143 143 136 136 340 340 329 329 356 356 38 38 49 49 75 75 270 270 257 257 259 259 259 259 229 229 151 151 163 163 208 208 201 201 122 122 177 177 242 242 198 198 164 164 140 140 134 134 219 219 229 229 190 190 165 165 174 174 205 205 197 197 152 152 147 147 167 167
258 258 205 205 166 166 143 143 39 39 96 96 196 196 249 249 176 176 70 70 71 71 116 116 153 153 134 134 139 139 317 317 313 313 332 332 32 32 68 68 75 75 75 75 90 90 263 263 239 239 225 225 197 197 158 158 172 172 228 228 198 198 123 123 137 137 202 202 184 184 170 170 155 155 184 184 226 226 202 202 166 166 167 167 179 179 212 212 196 196 150 150 152 152 159 159
258 258 205 205 166 166 143 143 39 39 96 96 196 196 249 249 176 176 70 70 71 71 116 116 153 153 134 134 139 139 317 317 313 313 332 332 32 32 68 68 75 75 75 75 90 90 263 263 239 239 225 225 197 197 158 158 172 172 228 228 198 198 123 123 137 137 202 202 184 184 170 170 155 155 184 184 226 226 202 202 166 166 167 167 179 179 212 212 196 196 150 150 152 152 159 159
247 247 184 184 184 184 196 196 164 164 160 160 287 287 290 290 306 306 67 67 71 71 73 73 113 113 140 140 310 310 315 315 316 316 325 325 108 108 96 96 96 96 67 67 81 81 270 270 223 223 212 212 189 189 168 168 189 189 207 207 192 192 172 172 134 134 168 168 177 177 168 168 169 169 183 183 197 197 191 191 173 173 171 171 202 202 209 209 176 176 155 155 146 146 150 150
247 247 184 184 184 184 196 196 164 164 160 160 287 287 290 290 306 306 67 67 71 71 73 73 113 113 140 140 310 310 315 315 316 316 325 325 108 108 96 96 96 96 67 67 81 81 270 270 223 223 212 212 189 189 168 168 189 189 207 207 192 192 172 172 134 134 168 168 177 177 168 168 169 169 183 183 197 197 191 191 173 173 171 171 202 202 209 209 176 176 155 155 146 146 150 150
18 18 80 80 164 164 189 189 183 183 219 219 246 246 223 223 185 185 129 129 102 102 104 104 100 100 312 312 307 307 302 302 323 323 108 108 102 102 93 93 52 52 41 41 54 54 90 90 180 180 180 180 180 180 180 180 190 190 189 189 195 195 188 188 173 173 162 162 154 154 154 154 154 154 172 172 190 190 183 183 178 178 190 190 204 204 183 183 168 168 161 161 149 149 156 156
18 18 80 80 164 164 189 189 183 183 219 219 246 246 223 223 185 185 129 129 102 102 104 104 100 100 312 312 307 307 302 302 323 323 108 108 102 102 93 93 52 52 41 41 54 54 90 90 180 180 180 180 180 180 180 180 190 190 189 189 195 195 188 188 173 173 162 162 154 154 154 154 154 154 172 172 190 190 183 183 178 178 190 190 204 204 183 183 168 168 161 161 149 149 156 156
22 22 55 55 61 61 59 59 198 198 220 220 209 209 207 207 188 188 152 152 131 131 123 123 106 106 309 309 305 305 307 307 1 1 74 74 59 59 51 51 22 22 66 66 79 79 66 66 360 360 360 360 360 360 360 360 360 360 360 360 360 360 180 180 193 193 177 177 114 114 41 41 24 24 10 10 2 2 360 360 180 180 180 180 180 180 180 180 180 180 252 252 355 355 347 347
22 22 55 55 61 61 59 59 198 198 220 220 209 209 207 207 188 188 152 152 131 131 123 123 106 106 309 309 305 305 307 307 1 1 74 74 59 59 51 51 22 22 66 66 79 79 66 66 360 360 360 360 360 360 360 360 360 360 360 360 360 360 180 180 193 193 177 177 114 114 41 41 24 24 10 10 2 2 360 360 180 180 180 180 180 180 180 180 180 180 252 252 355 355 347 347
334 334 50 50 29 29 32 32 42 42 64 64 211 211 210 210 199 199 155 155 130 130 123 123 312 312 304 304 300 300 308 308 154 154 73 73 92 92 82 82 125 125 119 119 73 73 15 15 3 3 357 357 357 357 356 356 359 359 356 356 8 8 15 15 3 3 360 360 346 346 351 351 356 356 4 4 20 20 23 23 14 14 17 17 360 360 360 360 346 346 326 326 312 312 323 323
334 334 50 50 29 29 32 32 42 42 64 64 211 211 210 210 199 199 155 155 130 130 123 123 312 312 304 304 300 300 308 308 154 154 73 73 92 92 82 82 125 125 119 119 73 73 15 15 3 3 357 357 357 357 356 356 359 359 356 356 8 8 15 15 3 3 360 360 346 346 351 351 356 356 4 4 20 20 23 23 14 14 17 17 360 360 360 360 346 346 326 326 312 312 323 323
222 222 256 256 59 59 48 48 39 39 42 42 46 46 98 98 177 177 164 164 131 131 323 323 314 314 308 308 294 294 345 345 131 131 141 141 121 121 116 116 130 130 111 111 342 342 351 351 350 350 352 352 3 3 351 351 359 359 4 4 3 3 22 22 355 355 352 352 357 357 11 11 1 1 347 347 14 14 15 15 35 35 40 40 347 347 353 353 358 358 357 357 326 326 289 289
222 222 256 256 59 59 48 48 39 39 42 42 46 46 98 98 177 177 164 164 131 131 323 323 314 314 308 308 294 294 345 345 131 131 141 141 121 121 116 116 130 130 111 111 342 342 351 351 350 350 352 352 3 3 351 351 359 359 4 4 3 3 22 22 355 355 352 352 357 357 11 11 1 1 347 347 14 14 15 15 35 35 40 40 347 347 353 353 358 358 357 357 326 326 289 289
215 215 206 206 203 203 9 9 34 34 40 40 35 35 32 32 52 52 54 54 348 348 316 316 309 309 323 323 303 303 12 12 79 79 111 111 127 127 111 111 122 122 328 328 335 335 344 344 342 342 344 344 18 18 8 8 344 344 5 5 23 23 40 40 338 338 341 341 8 8 22 22 3 3 355 355 2 2 35 35 90 90 353 353 322 322 357 357 9 9 3 3 354 354 320 320
215 215 206 206 203 203 9 9 34 34 40 40 35 35 32 32 52 52 54 54 348 348 316 316 309 309 323 323 303 303 12 12 79 79 111 111 127 127 111 111 122 122 328 328 335 335 344 344 342 342 344 344 18 18 8 8 344 344 5 5 23 23 40 40 338 338 341 341 8 8 22 22 3 3 355 355 2 2 35 35 90 90 353 353 322 322 357 357 9 9 3 3 354 354 320 320
7 7 279 279 244 244 237 237 49 49 46 46 39 39 60 60 56 56 355 355 354 354 333 333 280 280 290 290 340 340 43 43 85 85 89 89 90 90 100 100 291 291 307 307 336 336 351 351 341 341 334 334 44 44 3 3 328 328 9 9 69 69 50 50 308 308 356 356 11 11 352 352 357 357 91 91 107 107 122 122 114 114 314 314 279 279 346 346 24 24 4 4 339 339 346 346
7 7 279 279 244 244 237 237 49 49 46 46 39 39 60 60 56 56 355 355 354 354 333 333 280 280 290 290 340 340 43 43 85 85 89 89 90 90 100 100 291 291 307 307 336 336 351 351 341 341 334 334 44 44 3 3 328 328 9 9 69 69 50 50 308 308 356 356 11 11 352 352 357 357 91 91 107 107 122 122 114 114 314 314 279 279 346 346 24 24 4 4 339 339 346 346
10 10 52 52 117 117 220 220 216 216 138 138 97 97 68 68 336 336 328 328 3 3 42 42 296 296 259 259 275 275 118 118 108 108 96 96 110 110 76 76 310 310 261 261 286 286 346 346 359 359 3 3 18 18 345 345 335 335 71 71 108 108 360 360 295 295 330 330 14 14 47 47 101 101 127 127 140 140 128 128 329 329 328 328 298 298 288 288 18 18 15 15 326 326 329 329
10 10 52 52 117 117 220 220 216 216 138 138 97 97 68 68 336 336 328 328 3 3 42 42 296 296 259 259 275 275 118 118 108 108 96 96 110 110 76 76 310 310 261 261 286 286 346 346 359 359 3 3 18 18 345 345 335 335 71 71 108 108 360 360 295 295 330 330 14 14 47 47 101 101 127 127 140 140 128 128 329 329 328 328 298 298 288 288 18 18 15 15 326 326 329 329
62 62 68 68 66 66 9 9 186 186 157 157 326 326 348 348 323 323 324 324 56 56 67 67 340 340 308 308 243 243 103 103 106 106 113 113 115 115 346 346 360 360 238 238 254 254 256 256 293 293 328 328 360 360 11 11 49 49 91 91 102 102 314 314 303 303 333 333 63 63 94 94 91 91 92 92 133 133 321 321 333 333 335 335 336 336 320 320 350 350 360 360 345 345 149 149
62 62 68 68 66 66 9 9 186 186 157 157 326 326 348 348 323 323 324 324 56 56 67 67 340 340 308 308 243 243 103 103 106 106 113 113 115 115 346 346 360 360 238 238 254 254 256 256 293 293 328 328 360 360 11 11 49 49 91 91 102 102 314 314 303 303 333 333 63 63 94 94 91 91 92 92 133 133 321 321 333 333 335 335 336 336 320 320 350 350 360 360 345 345 149 149
218 218 66 66 16 16 349 349 21 21 360 360 354 354 5 5 331 331 292 292 62 62 50 50 301 301 331 331 335 335 90 90 100 100 123 123 311 311 326 326 40 40 43 43 260 260 257 257 264 264 258 258 211 211 331 331 60 60 79 79 21 21 318 318 305 305 185 185 107 107 116 116 97 97 90 90 347 347 304 304 311 311 327 327 349 349 341 341 347 347 39 39 90 90 91 91
218 218 66 66 16 16 349 349 21 21 360 360 354 354 5 5 331 331 292 292 62 62 50 50 301 301 331 331 335 335 90 90 100 100 123 123 311 311 326 326 40 40 43 43 260 260 257 257 264 264 258 258 211 211 331 331 60 60 79 79 21 21 318 318 305 305 185 185 107 107 116 116 97 97 90 90 347 347 304 304 311 311 327 327 349 349 341 341 347 347 39 39 90 90 91 91
224 224 219 219 3 3 78 78 5 5 274 274 164 164 35 35 342 342 273 273 124 124 62 62 266 266 317 317 45 45 106 106 104 104 110 110 302 302 304 304 62 62 47 47 266 266 274 274 288 288 165 165 242 242 303 303 49 49 55 55 351 351 322 322 40 40 128 128 129 129 135 135 138 138 111 111 330 330 306 306 320 320 296 296 302 302 312 312 52 52 92 92 98 98 29 29
224 224 219 219 3 3 78 78 5 5 274 274 164 164 35 35 342 342 273 273 124 124 62 62 266 266 317 317 45 45 106 106 104 104 110 110 302 302 304 304 62 62 47 47 266 266 274 274 288 288 165 165 242 242 303 303 49 49 55 55 351 351 322 322 40 40 128 128 129 129 135 135 138 138 111 111 330 330 306 306 320 320 296 296 302 302 312 312 52 52 92 92 98 98 29 29
224 224 211 211 177 177 202 202 60 60 136 136 262 262 273 273 317 317 139 139 149 149 9 9 284 284 280 280 133 133 111 111 101 101 281 281 297 297 295 295 65 65 55 55 254 254 233 233 185 185 209 209 283 283 297 297 87 87 23 23 3 3 23 23 136 136 115 115 128 128 128 128 100 100 325 325 314 314 286 286 326 326 345 345 205 205 180 180 172 172 113 113 108 108 177 177
224 224 211 211 177 177 202 202 60 60 136 136 262 262 273 273 317 317 139 139 149 149 9 9 284 284 280 280 133 133 111 111 101 101 281 281 297 297 295 295 65 65 55 55 254 254 233 233 185 185 209 209 283 283 297 297 87 87 23 23 3 3 23 23 136 136 115 115 128 128 128 128 100 100 325 325 314 314 286 286 326 326 345 345 205 205 180 180 172 172 113 113 108 108 177 177
197 197 209 209 210 210 219 219 153 153 179 179 282 282 284 284 79 79 131 131 244 244 315 315 335 335 98 98 110 110 111 111 70 70 312 312 286 286 319 319 67 67 59 59 30 30 213 213 217 217 271 271 249 249 248 248 243 243 108 108 101 101 117 117 112 112 120 120 125 125 51 51 326 326 335 335 348 348 287 287 276 276 186 186 136 136 153 153 192 192 134 134 96 96 125 125
197 197 209 209 210 210 219 219 153 153 179 179 282 282 284 284 79 79 131 131 244 244 315 315 335 335 98 98 110 110 111 111 70 70 312 312 286 286 319 319 67 67 59 59 30 30 213 213 217 217 271 271 249 249 248 248 243 243 108 108 101 101 117 117 112 112 120 120 125 125 51 51 326 326 335 335 348 348 287 287 276 276 186 186 136 136 153 153 192 192 134 134 96 96 125 125
29 29 11 11 217 217 221 221 179 179 275 275 245 245 204 204 164 164 139 139 286 286 292 292 317 317 50 50 42 42 38 38 21 21 344 344 298 298 339 339 38 38 42 42 34 34 39 39 249 249 254 254 248 248 265 265 153 153 160 160 143 143 146 146 109 109 102 102 122 122 316 316 313 313 352 352 19 19 337 337 240 240 132 132 138 138 142 142 203 203 193 193 123 123 103 103
29 29 11 11 217 217 221 221 179 179 275 275 245 245 204 204 164 164 139 139 286 286 292 292 317 317 50 50 42 42 38 38 21 21 344 344 298 298 339 339 38 38 42 42 34 34 39 39 249 249 254 254 248 248 265 265 153 153 160 160 143 143 146 146 109 109 102 102 122 122 316 316 313 313 352 352 19 19 337 337 240 240 132 132 138 138 142 142 203 203 193 193 123 123 103 103
37 37 39 39 71 71 175 175 215 215 229 229 168 168 159 159 179 179 250 250 267 267 255 255 224 224 320 320 22 22 12 12 20 20 6 6 297 297 307 307 44 44 46 46 39 39 45 45 353 353 299 299 301 301 240 240 122 122 163 163 173 173 134 134 142 142 120 120 325 325 292 292 286 286 294 294 5 5 29 29 112 112 130 130 126 126 145 145 194 194 187 187 138 138 137 137
37 37 39 39 71 71 175 175 215 215 229 229 168 168 159 159 179 179 250 250 267 267 255 255 224 224 320 320 22 22 12 12 20 20 6 6 297 297 307 307 44 44 46 46 39 39 45 45 353 353 299 299 301 301 240 240 122 122 163 163 173 173 134 134 142 142 120 120 325 325 292 292 286 286 294 294 5 5 29 29 112 112 130 130 126 126 145 145 194 194 187 187 138 138 137 137
188 188 113 113 105 105 25 25 51 51 164 164 201 201 303 303 317 317 325 325 316 316 286 286 275 275 285 285 5 5 10 10 20 20 11 11 326 326 255 255 11 11 71 71 72 72 67 67 319 319 298 298 325 325 136 136 99 99 78 78 146 146 154 154 131 131 143 143 324 324 300 300 292 292 268 268 264 264 108 108 84 84 103 103 129 129 149 149 196 196 177 177 139 139 124 124
188 188 113 113 105 105 25 25 51 51 164 164 201 201 303 303 317 317 325 325 316 316 286 286 275 275 285 285 5 5 10 10 20 20 11 11 326 326 255 255 11 11 71 71 72 72 67 67 319 319 298 298 325 325 136 136 99 99 78 78 146 146 154 154 131 131 143 143 324 324 300 300 292 292 268 268 264 264 108 108 84 84 103 103 129 129 149 149 196 196 177 177 139 139 124 124
167 167 172 172 208 208 222 222 118 118 123 123 245 245 268 268 319 319 304 304 309 309 337 337 278 278 217 217 195 195 181 181 162 162 258 258 215 215 202 202 145 145 78 78 60 60 71 71 329 329 281 281 291 291 127 127 147 147 120 120 102 102 118 118 37 37 317 317 312 312 328 328 333 333 339 339 145 145 158 158 102 102 105 105 106 106 69 69 43 43 148 148 320 320 345 345
167 167 172 172 208 208 222 222 118 118 123 123 245 245 268 268 319 319 304 304 309 309 337 337 278 278 217 217 195 195 181 181 162 162 258 258 215 215 202 202 145 145 78 78 60 60 71 71 329 329 281 281 291 291 127 127 147 147 120 120 102 102 118 118 37 37 317 317 312 312 328 328 333 333 339 339 145 145 158 158 102 102 105 105 106 106 69 69 43 43 148 148 320 320 345 345
139 139 167 167 204 204 193 193 172 172 155 155 216 216 235 235 219 219 191 191 211 211 193 193 156 156 169 169 187 187 202 202 193 193 179 179 187 187 199 199 228 228 14 14 46 46 48 48 322 322 297 297 171 171 94 94 101 101 121 121 124 124 348 348 340 340 335 335 307 307 287 287 251 251 68 68 80 80 90 90 134 134 113 113 21 21 357 357 36 36 19 19 337 337 11 11
139 139 167 167 204 204 193 193 172 172 155 155 216 216 235 235 219 219 191 191 211 211 193 193 156 156 169 169 187 187 202 202 193 193 179 179 187 187 199 199 228 228 14 14 46 46 48 48 322 322 297 297 171 171 94 94 101 101 121 121 124 124 348 348 340 340 335 335 307 307 287 287 251 251 68 68 80 80 90 90 134 134 113 113 21 21 357 357 36 36 19 19 337 337 11 11
