3D/Venosta_3D/input_maps500/aspect.asc
ncols         126
nrows         96
xllcorner     598000.000000
yllcorner     5145000.000000
cellsize      500.000000
NODATA_value  -9999.0
[rows 30 to 59 of 96, columns 0 to 66 of 126]
-9999.000 -9999.000 -9999.000 -9999.000 -9999.000 -9999.000 -9999.000 -9999.000 -9999.000 -9999.000 -9999.000 -9999.000 -9999.000 -9999.000 -9999.000 -9999.000 -9999.000 -9999.000 -9999.000 -9999.000 62.690 62.690 227.040 227.040 202.500 202.500 125.770 125.770 122.040 122.040 146.390 146.390 358.850 358.850 68.840 68.840 76.720 76.720 100.150 100.150 232.060 232.060 299.060 299.060 219.570 219.570 149.520 149.520 157.670 157.670 302.690 302.690 298.440 298.440 234.740 234.740 155.050 155.050 145.800 145.800 128.550 128.550 328.620 328.620 301.080 301.080 289.660
-9999.000 -9999.000 -9999.000 -9999.000 -9999.000 -9999.000 -9999.000 -9999.000 -9999.000 -9999.000 -9999.000 -9999.000 -9999.000 -9999.000 -9999.000 -9999.000 -9999.000 -9999.000 -9999.000 -9999.000 62.690 62.690 227.040 227.040 202.500 202.500 125.770 125.770 122.040 122.040 146.390 146.390 358.850 358.850 68.840 68.840 76.720 76.720 100.150 100.150 232.060 232.060 299.060 299.060 219.570 219.570 149.520 149.520 157.670 157.670 302.690 302.690 298.440 298.440 234.740 234.740 155.050 155.050 145.800 145.800 128.550 128.550 328.620 328.620 301.080 301.080 289.660
-9999.000 -9999.000 -9999.000 -9999.000 -9999.000 -9999.000 -9999.000 -9999.000 -9999.000 -9999.000 -9999.000 -9999.000 -9999.000 -9999.000 -9999.000 -9999.000 -9999.000 -9999.000 59.950 59.950 46.570 46.570 37.530 37.530 220.910 220.910 229.860 229.860 144.300 144.300 325.520 325.520 48.270 48.270 106.090 106.090 105.280 105.280 116.760 116.760 247.010 247.010 208.690 208.690 170.670 170.670 172.750 172.750 328.520 328.520 300.520 300.520 220.020 220.020 143.570 143.570 152.480 152.480 155.970 155.970 244.520 244.520 289.170 289.170 314.110 314.110 330.480
-9999.000 -9999.000 -9999.000 -9999.000 -9999.000 -9999.000 -9999.000 -9999.000 -9999.000 -9999.000 -9999.000 -9999.000 -9999.000 -9999.000 -9999.000 -9999.000 -9999.000 -9999.000 59.950 59.950 46.570 46.570 37.530 37.530 220.910 220.910 229.860 229.860 144.300 144.300 325.520 325.520 48.270 48.270 106.090 106.090 105.280 105.280 116.760 116.760 247.010 247.010 208.690 208.690 170.670 170.670 172.750 172.750 328.520 328.520 300.520 300.520 220.020 220.020 143.570 143.570 152.480 152.480 155.970 155.970 244.520 244.520 289.170 289.170 314.110 314.110 330.480
-9999.000 -9999.000 -9999.000 -9999.000 -9999.000 -9999.000 -9999.000 -9999.000 -9999.000 -9999.000 -9999.000 -9999.000 -9999.000 -9999.000 -9999.000 -9999.000 -9999.000 -9999.000 280.340 280.340 39.830 39.830 66.530 66.530 116.850 116.850 211.080 211.080 206.530 206.530 139.010 139.010 118.330 118.330 117.390 117.390 117.820 117.820 138.960 138.960 224.550 224.550 197.490 197.490 334.660 334.660 293.980 293.980 313.950 313.950 149.470 149.470 151.200 151.200 145.070 145.070 141.770 141.770 344.990 344.990 311.940 311.940 247.560 247.560 301.680 301.680 250.790
-9999.000 -9999.000 -9999.000 -9999.000 -9999.000 -9999.000 -9999.000 -9999.000 -9999.000 -9999.000 -9999.000 -9999.000 -9999.000 -9999.000 -9999.000 -9999.000 -9999.000 -9999.000 280.340 280.340 39.830 39.830 66.530 66.530 116.850 116.850 211.080 211.080 206.530 206.530 139.010 139.010 118.330 118.330 117.390 117.390 117.820 117.820 138.960 138.960 224.550 224.550 197.490 197.490 334.660 334.660 293.980 293.980 313.950 313.950 149.470 149.470 151.200 151.200 145.070 145.070 141.770 141.770 344.990 344.990 311.940 311.940 247.560 247.560 301.680 301.680 250.790
-9999.000 -9999.000 -9999.000 -9999.000 -9999.000 -9999.000 -9999.000 -9999.000 -9999.000 -9999.000 -9999.000 -9999.000 -9999.000 -9999.000 -9999.000 -9999.000 -9999.000 -9999.000 -9999.000 -9999.000 76.090 76.090 66.110 66.110 51.620 51.620 136.810 136.810 212.130 212.130 216.690 216.690 121.610 121.610 111.130 111.130 122.590 122.590 216.420 216.420 316.200 316.200 292.510 292.510 310.890 310.890 311.810 311.810 130.460 130.460 140.550 140.550 147.750 147.750 223.980 223.980 308.670 308.670 338.190 338.190 17.660 17.660 284.820 284.820 299.720 299.720 68.050
-9999.000 -9999.000 -9999.000 -9999.000 -9999.000 -9999.000 -9999.000 -9999.000 -9999.000 -9999.000 -9999.000 -9999.000 -9999.000 -9999.000 -9999.000 -9999.000 -9999.000 -9999.000 -9999.000 -9999.000 76.090 76.090 66.110 66.110 51.620 51.620 136.810 136.810 212.130 212.130 216.690 216.690 121.610 121.610 111.130 111.130 122.590 122.590 216.420 216.420 316.200 316.200 292.510 292.510 310.890 310.890 311.810 311.810 130.460 130.460 140.550 140.550 147.750 147.750 223.980 223.980 308.670 308.670 338.190 338.190 17.660 17.660 284.820 284.820 299.720 299.720 68.050
-9999.000 -9999.000 -9999.000 -9999.000 -9999.000 -9999.000 -9999.000 -9999.000 -9999.000 -9999.000 -9999.000 -9999.000 -9999.000 -9999.000 -9999.000 -9999.000 -9999.000 -9999.000 -9999.000 -9999.000 79.690 79.690 51.280 51.280 44.410 44.410 61.910 61.910 134.500 134.500 197.080 197.080 131.520 131.520 117.240 117.240 117.620 117.620 255.200 255.200 230.130 230.130 217.110 217.110 207.340 207.340 211.090 211.090 135.950 135.950 134.260 134.260 225.200 225.200 305.950 305.950 293.140 293.140 311.090 311.090 26.430 26.430 52.160 52.160 241.550 241.550 289.200
-9999.000 -9999.000 -9999.000 -9999.000 -9999.000 -9999.000 -9999.000 -9999.000 -9999.000 -9999.000 -9999.000 -9999.000 -9999.000 -9999.000 -9999.000 -9999.000 -9999.000 -9999.000 -9999.000 -9999.000 79.690 79.690 51.280 51.280 44.410 44.410 61.910 61.910 134.500 134.500 197.080 197.080 131.520 131.520 117.240 117.240 117.620 117.620 255.200 255.200 230.130 230.130 217.110 217.110 207.340 207.340 211.090 211.090 135.950 135.950 134.260 134.260 225.200 225.200 305.950 305.950 293.140 293.140 311.090 311.090 26.430 26.430 52.160 52.160 241.550 241.550 289.200
-9999.000 -9999.000 -9999.000 -9999.000 -9999.000 -9999.000 -9999.000 -9999.000 -9999.000 -9999.000 -9999.000 -9999.000 -9999.000 -9999.000 -9999.000 -9999.000 216.810 216.810 202.790 202.790 124.450 124.450 47.720 47.720 20.670 20.670 29.580 29.580 56.390 56.390 141.400 141.400 160.850 160.850 143.710 143.710 117.870 117.870 226.840 226.840 215.930 215.930 206.510 206.510 213.440 213.440 223.490 223.490 147.320 147.320 116.840 116.840 283.360 283.360 311.770 311.770 300.560 300.560 286.100 286.100 43.830 43.830 56.840 56.840 298.420 298.420 108.580
-9999.000 -9999.000 -9999.000 -9999.000 -9999.000 -9999.000 -9999.000 -9999.000 -9999.000 -9999.000 -9999.000 -9999.000 -9999.000 -9999.000 -9999.000 -9999.000 216.810 216.810 202.790 202.790 124.450 124.450 47.720 47.720 20.670 20.670 29.580 29.580 56.390 56.390 141.400 141.400 160.850 160.850 143.710 143.710 117.870 117.870 226.840 226.840 215.930 215.930 206.510 206.510 213.440 213.440 223.490 223.490 147.320 147.320 116.840 116.840 283.360 283.360 311.770 311.770 300.560 300.560 286.100 286.100 43.830 43.830 56.840 56.840 298.420 298.420 108.580
-9999.000 -9999.000 -9999.000 -9999.000 -9999.000 -9999.000 -9999.000 -9999.000 -9999.000 -9999.000 -9999.000 -9999.000 -9999.000 -9999.000 -9999.000 -9999.000 37.750 37.750 209.640 209.640 223.130 223.130 36.200 36.200 48.500 48.500 55.210 55.210 76.040 76.040 45.950 45.950 44.480 44.480 42.450 42.450 79.170 79.170 121.950 121.950 193.940 193.940 214.200 214.200 224.330 224.330 218.500 218.500 160.930 160.930 247.860 247.860 277.730 277.730 284.890 284.890 292.960 292.960 236.040 236.040 138.950 138.950 161.150 161.150 248.990 248.990 140.570
-9999.000 -9999.000 -9999.000 -9999.000 -9999.000 -9999.000 -9999.000 -9999.000 -9999.000 -9999.000 -9999.000 -9999.000 -9999.000 -9999.000 -9999.000 -9999.000 37.750 37.750 209.640 209.640 223.130 223.130 36.200 36.200 48.500 48.500 55.210 55.210 76.040 76.040 45.950 45.950 44.480 44.480 42.450 42.450 79.170 79.170 121.950 121.950 193.940 193.940 214.200 214.200 224.330 224.330 218.500 218.500 160.930 160.930 247.860 247.860 277.730 277.730 284.890 284.890 292.960 292.960 236.040 236.040 138.950 138.950 161.150 161.150 248.990 248.990 140.570
-9999.000 -9999.000 -9999.000 -9999.000 -9999.000 -9999.000 -9999.000 -9999.000 -9999.000 -9999.000 -9999.000 -9999.000 -9999.000 -9999.000 -9999.000 -9999.000 54.290 54.290 70.020 70.020 216.520 216.520 113.640 113.640 106.320 106.320 29.990 29.990 154.810 154.810 155.080 155.080 153.410 153.410 128.280 128.280 99.200 99.200 44.100 44.100 193.790 193.790 214.260 214.260 211.270 211.270 194.950 194.950 200.460 200.460 297.400 297.400 291.410 291.410 284.170 284.170 236.950 236.950 180.800 180.800 137.650 137.650 135.050 135.050 213.740 213.740 173.500
-9999.000 -9999.000 -9999.000 -9999.000 -9999.000 -9999.000 -9999.000 -9999.000 -9999.000 -9999.000 -9999.000 -9999.000 -9999.000 -9999.000 -9999.000 -9999.000 54.290 54.290 70.020 70.020 216.520 216.520 113.640 113.640 106.320 106.320 29.990 29.990 154.810 154.810 155.080 155.080 153.410 153.410 128.280 128.280 99.200 99.200 44.100 44.100 193.790 193.790 214.260 214.260 211.270 211.270 194.950 194.950 200.460 200.460 297.400 297.400 291.410 291.410 284.170 284.170 236.950 236.950 180.800 180.800 137.650 137.650 135.050 135.050 213.740 213.740 173.500
-9999.000 -9999.000 -9999.000 -9999.000 -9999.000 -9999.000 -9999.000 -9999.000 -9999.000 -9999.000 -9999.000 -9999.000 -9999.000 -9999.000 -9999.000 -9999.000 71.120 71.120 79.290 79.290 246.300 246.300 238.650 238.650 152.970 152.970 145.820 145.820 139.260 139.260 141.650 141.650 138.440 138.440 171.360 171.360 0.050 0.050 10.740 10.740 30.260 30.260 136.600 136.600 213.820 213.820 238.020 238.020 291.060 291.060 296.910 296.910 300.990 300.990 213.680 213.680 152.300 152.300 153.820 153.820 206.020 206.020 150.200 150.200 167.300 167.300 230.200
-9999.000 -9999.000 -9999.000 -9999.000 -9999.000 -9999.000 -9999.000 -9999.000 -9999.000 -9999.000 -9999.000 -9999.000 -9999.000 -9999.000 -9999.000 -9999.000 71.120 71.120 79.290 79.290 246.300 246.300 238.650 238.650 152.970 152.970 145.820 145.820 139.260 139.260 141.650 141.650 138.440 138.440 171.360 171.360 0.050 0.050 10.740 10.740 30.260 30.260 136.600 136.600 213.820 213.820 238.020 238.020 291.060 291.060 296.910 296.910 300.990 300.990 213.680 213.680 152.300 152.300 153.820 153.820 206.020 206.020 150.200 150.200 167.300 167.300 230.200
-9999.000 -9999.000 -9999.000 -9999.000 -9999.000 -9999.000 -9999.000 -9999.000 -9999.000 -9999.000 -9999.000 -9999.000 -9999.000 -9999.000 -9999.000 -9999.000 116.660 116.660 84.090 84.090 75.040 75.040 151.520 151.520 154.780 154.780 160.600 160.600 144.150 144.150 136.530 136.530 334.430 334.430 331.430 331.430 331.110 331.110 36.600 36.600 48.800 48.800 75.060 75.060 270.000 270.000 256.580 256.580 258.510 258.510 237.980 237.980 223.660 223.660 152.510 152.510 164.500 164.500 231.270 231.270 241.520 241.520 122.690 122.690 132.270 132.270 242.180
-9999.000 -9999.000 -9999.000 -9999.000 -9999.000 -9999.000 -9999.000 -9999.000 -9999.000 -9999.000 -9999.000 -9999.000 -9999.000 -9999.000 -9999.000 -9999.000 116.660 116.660 84.090 84.090 75.040 75.040 151.520 151.520 154.780 154.780 160.600 160.600 144.150 144.150 136.530 136.530 334.430 334.430 331.430 331.430 331.110 331.110 36.600 36.600 48.800 48.800 75.060 75.060 270.000 270.000 256.580 256.580 258.510 258.510 237.980 237.980 223.660 223.660 152.510 152.510 164.500 164.500 231.270 231.270 241.520 241.520 122.690 122.690 132.270 132.270 242.180
-9999.000 -9999.000 -9999.000 -9999.000 166.370 166.370 142.790 142.790 65.370 65.370 142.860 142.860 246.640 246.640 221.590 221.590 144.860 144.860 70.380 70.380 70.870 70.870 152.650 152.650 153.380 153.380 135.110 135.110 158.900 158.900 317.440 317.440 315.990 315.990 334.680 334.680 53.540 53.540 49.960 49.960 56.380 56.380 74.940 74.940 90.000 90.000 262.860 262.860 238.190 238.190 223.150 223.150 209.940 209.940 159.450 159.450 142.450 142.450 227.560 227.560 222.100 222.100 123.780 123.780 101.900 101.900 220.840
-9999.000 -9999.000 -9999.000 -9999.000 166.370 166.370 142.790 142.790 65.370 65.370 142.860 142.860 246.640 246.640 221.590 221.590 144.860 144.860 70.380 70.380 70.870 70.870 152.650 152.650 153.380 153.380 135.110 135.110 158.900 158.900 317.440 317.440 315.990 315.990 334.680 334.680 53.540 53.540 49.960 49.960 56.380 56.380 74.940 74.940 90.000 90.000 262.860 262.860 238.190 238.190 223.150 223.150 209.940 209.940 159.450 159.450 142.450 142.450 227.560 227.560 222.100 222.100 123.780 123.780 101.900 101.900 220.840
-9999.000 -9999.000 189.340 189.340 188.410 188.410 195.420 195.420 150.590 150.590 137.290 137.290 303.650 303.650 290.030 290.030 277.980 277.980 66.490 66.490 71.020 71.020 72.790 72.790 113.500 113.500 139.740 139.740 291.610 291.610 317.730 317.730 317.480 317.480 296.500 296.500 136.790 136.790 96.310 96.310 96.280 96.280 67.410 67.410 80.710 80.710 270.000 270.000 222.670 222.670 211.150 211.150 198.960 198.960 169.220 169.220 219.050 219.050 205.230 205.230 190.840 190.840 154.450 154.450 134.300 134.300 155.460
-9999.000 -9999.000 189.340 189.340 188.410 188.410 195.420 195.420 150.590 150.590 137.290 137.290 303.650 303.650 290.030 290.030 277.980 277.980 66.490 66.490 71.020 71.020 72.790 72.790 113.500 113.500 139.740 139.740 291.610 291.610 317.730 317.730 317.480 317.480 296.500 296.500 136.790 136.790 96.310 96.310 96.280 96.280 67.410 67.410 80.710 80.710 270.000 270.000 222.670 222.670 211.150 211.150 198.960 198.960 169.220 169.220 219.050 219.050 205.230 205.230 190.840 190.840 154.450 154.450 134.300 134.300 155.460
-9999.000 -9999.000 31.660 31.660 164.050 164.050 199.760 199.760 194.840 194.840 242.210 242.210 218.020 218.020 200.650 200.650 190.060 190.060 153.170 153.170 124.460 124.460 121.580 121.580 99.860 99.860 300.260 300.260 308.270 308.270 302.450 302.450 323.080 323.080 110.630 110.630 131.510 131.510 107.510 107.510 30.740 30.740 40.390 40.390 53.900 53.900 90.000 90.000 180.000 180.000 180.000 180.000 180.000 180.000 180.000 180.000 189.680 189.680 188.900 188.900 194.590 194.590 199.570 199.570 173.390 173.390 162.480
-9999.000 -9999.000 31.660 31.660 164.050 164.050 199.760 199.760 194.840 194.840 242.210 242.210 218.020 218.020 200.650 200.650 190.060 190.060 153.170 153.170 124.460 124.460 121.580 121.580 99.860 99.860 300.260 300.260 308.270 308.270 302.450 302.450 323.080 323.080 110.630 110.630 131.510 131.510 107.510 107.510 30.740 30.740 40.390 40.390 53.900 53.900 90.000 90.000 180.000 180.000 180.000 180.000 180.000 180.000 180.000 180.000 189.680 189.680 188.900 188.900 194.590 194.590 199.570 199.570 173.390 173.390 162.480
-9999.000 -9999.000 54.850 54.850 37.010 37.010 19.360 19.360 200.130 200.130 219.850 219.850 207.830 207.830 205.700 205.700 203.510 203.510 153.090 153.090 132.670 132.670 123.300 123.300 107.030 107.030 310.290 310.290 305.570 305.570 307.180 307.180 61.580 61.580 34.210 34.210 58.280 58.280 69.940 69.940 44.520 44.520 41.820 41.820 61.980 61.980 65.650 65.650 0.000 0.000 0.000 0.000 0.000 0.000 0.000 0.000 0.000 0.000 0.000 0.000 0.000 0.000 180.000 180.000 186.020 186.020 150.340
-9999.000 -9999.000 54.850 54.850 37.010 37.010 19.360 19.360 200.130 200.130 219.850 219.850 207.830 207.830 205.700 205.700 203.510 203.510 153.090 153.090 132.670 132.670 123.300 123.300 107.030 107.030 310.290 310.290 305.570 305.570 307.180 307.180 61.580 61.580 34.210 34.210 58.280 58.280 69.940 69.940 44.520 44.520 41.820 41.820 61.980 61.980 65.650 65.650 0.000 0.000 0.000 0.000 0.000 0.000 0.000 0.000 0.000 0.000 0.000 0.000 0.000 0.000 180.000 180.000 186.020 186.020 150.340
-9999.000 -9999.000 49.410 49.410 27.070 27.070 31.400 31.400 41.320 41.320 25.270 25.270 208.650 208.650 209.080 209.080 198.290 198.290 131.340 131.340 130.860 130.860 123.310 123.310 291.700 291.700 304.730 304.730 300.860 300.860 308.870 308.870 145.300 145.300 36.230 36.230 119.900 119.900 44.950 44.950 147.440 147.440 119.240 119.240 51.180 51.180 14.410 14.410 10.900 10.900 357.410 357.410 357.510 357.510 356.440 356.440 358.930 358.930 355.770 355.770 21.070 21.070 14.730 14.730 3.030 3.030 357.650
-9999.000 -9999.000 49.410 49.410 27.070 27.070 31.400 31.400 41.320 41.320 25.270 25.270 208.650 208.650 209.080 209.080 198.290 198.290 131.340 131.340 130.860 130.860 123.310 123.310 291.700 291.700 304.730 304.730 300.860 300.860 308.870 308.870 145.300 145.300 36.230 36.230 119.900 119.900 44.950 44.950 147.440 147.440 119.240 119.240 51.180 51.180 14.410 14.410 10.900 10.900 357.410 357.410 357.510 357.510 356.440 356.440 358.930 358.930 355.770 355.770 21.070 21.070 14.730 14.730 3.030 3.030 357.650
