3D/Venosta_3D/input_maps500/aspect.asc
ncols         126
nrows         96
xllcorner     598000.000000
yllcorner     5145000.000000
cellsize      500.000000
NODATA_value  -9999.0
[rows 60 to 89 of 96, columns 0 to 66 of 126]
-9999.000 -9999.000 206.760 206.760 23.970 23.970 47.250 47.250 38.130 38.130 40.970 40.970 45.440 45.440 165.110 165.110 178.860 178.860 164.930 164.930 152.880 152.880 312.280 312.280 315.220 315.220 309.360 309.360 294.110 294.110 293.990 293.990 130.760 130.760 141.570 141.570 121.520 121.520 116.270 116.270 131.060 131.060 140.140 140.140 342.390 342.390 351.360 351.360 350.650 350.650 352.500 352.500 9.660 9.660 330.330 330.330 337.640 337.640 21.550 21.550 20.320 20.320 20.570 20.570 337.100 337.100 342.710
-9999.000 -9999.000 206.760 206.760 23.970 23.970 47.250 47.250 38.130 38.130 40.970 40.970 45.440 45.440 165.110 165.110 178.860 178.860 164.930 164.930 152.880 152.880 312.280 312.280 315.220 315.220 309.360 309.360 294.110 294.110 293.990 293.990 130.760 130.760 141.570 141.570 121.520 121.520 116.270 116.270 131.060 131.060 140.140 140.140 342.390 342.390 351.360 351.360 350.650 350.650 352.500 352.500 9.660 9.660 330.330 330.330 337.640 337.640 21.550 21.550 20.320 20.320 20.570 20.570 337.100 337.100 342.710
-9999.000 -9999.000 -9999.000 -9999.000 -9999.000 -9999.000 39.340 39.340 33.260 33.260 39.270 39.270 34.300 34.300 30.800 30.800 52.200 52.200 21.050 21.050 335.640 335.640 316.850 316.850 310.150 310.150 324.350 324.350 303.010 303.010 69.550 69.550 65.440 65.440 135.570 135.570 126.960 126.960 110.860 110.860 116.430 116.430 329.340 329.340 336.220 336.220 345.470 345.470 343.120 343.120 344.930 344.930 38.700 38.700 51.900 51.900 323.940 323.940 4.240 4.240 22.160 22.160 64.280 64.280 339.840 339.840 342.560
-9999.000 -9999.000 -9999.000 -9999.000 -9999.000 -9999.000 39.340 39.340 33.260 33.260 39.270 39.270 34.300 34.300 30.800 30.800 52.200 52.200 21.050 21.050 335.640 335.640 316.850 316.850 310.150 310.150 324.350 324.350 303.010 303.010 69.550 69.550 65.440 65.440 135.570 135.570 126.960 126.960 110.860 110.860 116.430 116.430 329.340 329.340 336.220 336.220 345.470 345.470 343.120 343.120 344.930 344.930 38.700 38.700 51.900 51.900 323.940 323.940 4.240 4.240 22.160 22.160 64.280 64.280 339.840 339.840 342.560
-9999.000 -9999.000 -9999.000 -9999.000 -9999.000 -9999.000 -9999.000 -9999.000 39.670 39.670 44.720 44.720 38.300 38.300 34.040 34.040 55.850 55.850 337.420 337.420 342.470 342.470 309.670 309.670 308.110 308.110 306.910 306.910 319.700 319.700 67.130 67.130 62.830 62.830 81.620 81.620 118.950 118.950 112.540 112.540 276.360 276.360 307.840 307.840 337.540 337.540 351.430 351.430 342.100 342.100 334.780 334.780 65.470 65.470 55.200 55.200 329.210 329.210 19.600 19.600 45.730 45.730 83.790 83.790 308.820 308.820 334.980
-9999.000 -9999.000 -9999.000 -9999.000 -9999.000 -9999.000 -9999.000 -9999.000 39.670 39.670 44.720 44.720 38.300 38.300 34.040 34.040 55.850 55.850 337.420 337.420 342.470 342.470 309.670 309.670 308.110 308.110 306.910 306.910 319.700 319.700 67.130 67.130 62.830 62.830 81.620 81.620 118.950 118.950 112.540 112.540 276.360 276.360 307.840 307.840 337.540 337.540 351.430 351.430 342.100 342.100 334.780 334.780 65.470 65.470 55.200 55.200 329.210 329.210 19.600 19.600 45.730 45.730 83.790 83.790 308.820 308.820 334.980
-9999.000 -9999.000 -9999.000 -9999.000 -9999.000 -9999.000 -9999.000 -9999.000 -9999.000 -9999.000 150.270 150.270 129.900 129.900 44.280 44.280 304.890 304.890 331.000 331.000 35.090 35.090 40.940 40.940 306.010 306.010 244.770 244.770 307.020 307.020 122.150 122.150 107.930 107.930 95.600 95.600 142.500 142.500 76.150 76.150 287.190 287.190 237.080 237.080 321.580 321.580 332.560 332.560 356.420 356.420 10.870 10.870 16.550 16.550 320.390 320.390 308.040 308.040 52.280 52.280 108.650 108.650 296.520 296.520 295.950 295.950 298.760
-9999.000 -9999.000 -9999.000 -9999.000 -9999.000 -9999.000 -9999.000 -9999.000 -9999.000 -9999.000 150.270 150.270 129.900 129.900 44.280 44.280 304.890 304.890 331.000 331.000 35.090 35.090 40.940 40.940 306.010 306.010 244.770 244.770 307.020 307.020 122.150 122.150 107.930 107.930 95.600 95.600 142.500 142.500 76.150 76.150 287.190 287.190 237.080 237.080 321.580 321.580 332.560 332.560 356.420 356.420 10.870 10.870 16.550 16.550 320.390 320.390 308.040 308.040 52.280 52.280 108.650 108.650 296.520 296.520 295.950 295.950 298.760
-9999.000 -9999.000 -9999.000 -9999.000 -9999.000 -9999.000 -9999.000 -9999.000 -9999.000 -9999.000 167.290 167.290 338.010 338.010 332.840 332.840 302.420 302.420 300.760 300.760 55.480 55.480 79.230 79.230 340.400 340.400 308.550 308.550 232.390 232.390 145.950 145.950 106.050 106.050 112.930 112.930 123.740 123.740 346.450 346.450 354.570 354.570 238.380 238.380 253.850 253.850 225.330 225.330 330.840 330.840 334.600 334.600 343.620 343.620 28.490 28.490 69.460 69.460 92.420 92.420 109.500 109.500 315.240 315.240 304.140 304.140 290.310
-9999.000 -9999.000 -9999.000 -9999.000 -9999.000 -9999.000 -9999.000 -9999.000 -9999.000 -9999.000 167.290 167.290 338.010 338.010 332.840 332.840 302.420 302.420 300.760 300.760 55.480 55.480 79.230 79.230 340.400 340.400 308.550 308.550 232.390 232.390 145.950 145.950 106.050 106.050 112.930 112.930 123.740 123.740 346.450 346.450 354.570 354.570 238.380 238.380 253.850 253.850 225.330 225.330 330.840 330.840 334.600 334.600 343.620 343.620 28.490 28.490 69.460 69.460 92.420 92.420 109.500 109.500 315.240 315.240 304.140 304.140 290.310
-9999.000 -9999.000 -9999.000 -9999.000 -9999.000 -9999.000 -9999.000 -9999.000 -9999.000 -9999.000 358.710 358.710 353.860 353.860 21.620 21.620 302.880 302.880 281.420 281.420 61.990 61.990 76.610 76.610 301.230 301.230 331.000 331.000 335.290 335.290 69.680 69.680 99.630 99.630 123.250 123.250 290.560 290.560 308.670 308.670 38.240 38.240 82.810 82.810 249.880 249.880 215.870 215.870 216.690 216.690 240.590 240.590 210.250 210.250 346.300 346.300 74.040 74.040 79.160 79.160 59.980 59.980 319.930 319.930 305.650 305.650 221.200
-9999.000 -9999.000 -9999.000 -9999.000 -9999.000 -9999.000 -9999.000 -9999.000 -9999.000 -9999.000 358.710 358.710 353.860 353.860 21.620 21.620 302.880 302.880 281.420 281.420 61.990 61.990 76.610 76.610 301.230 301.230 331.000 331.000 335.290 335.290 69.680 69.680 99.630 99.630 123.250 123.250 290.560 290.560 308.670 308.670 38.240 38.240 82.810 82.810 249.880 249.880 215.870 215.870 216.690 216.690 240.590 240.590 210.250 210.250 346.300 346.300 74.040 74.040 79.160 79.160 59.980 59.980 319.930 319.930 305.650 305.650 221.200
-9999.000 -9999.000 -9999.000 -9999.000 -9999.000 -9999.000 -9999.000 -9999.000 -9999.000 -9999.000 326.140 326.140 162.760 162.760 28.500 28.500 308.420 308.420 304.480 304.480 133.770 133.770 75.840 75.840 255.920 255.920 316.690 316.690 65.880 65.880 106.190 106.190 104.460 104.460 95.110 95.110 302.530 302.530 286.130 286.130 61.190 61.190 76.610 76.610 260.870 260.870 301.250 301.250 312.170 312.170 172.990 172.990 228.210 228.210 323.630 323.630 77.380 77.380 54.560 54.560 323.760 323.760 322.980 322.980 48.150 48.150 128.330
-9999.000 -9999.000 -9999.000 -9999.000 -9999.000 -9999.000 -9999.000 -9999.000 -9999.000 -9999.000 326.140 326.140 162.760 162.760 28.500 28.500 308.420 308.420 304.480 304.480 133.770 133.770 75.840 75.840 255.920 255.920 316.690 316.690 65.880 65.880 106.190 106.190 104.460 104.460 95.110 95.110 302.530 302.530 286.130 286.130 61.190 61.190 76.610 76.610 260.870 260.870 301.250 301.250 312.170 312.170 172.990 172.990 228.210 228.210 323.630 323.630 77.380 77.380 54.560 54.560 323.760 323.760 322.980 322.980 48.150 48.150 128.330
-9999.000 -9999.000 -9999.000 -9999.000 -9999.000 -9999.000 -9999.000 -9999.000 -9999.000 -9999.000 -9999.000 -9999.000 -9999.000 -9999.000 -9999.000 -9999.000 295.310 295.310 139.440 139.440 129.250 129.250 22.950 22.950 286.930 286.930 292.570 292.570 157.120 157.120 111.330 111.330 101.420 101.420 271.350 271.350 297.640 297.640 294.910 294.910 77.630 77.630 72.080 72.080 253.680 253.680 231.760 231.760 221.370 221.370 228.290 228.290 283.010 283.010 306.880 306.880 86.850 86.850 22.410 22.410 9.630 9.630 45.900 45.900 136.180 136.180 115.250
-9999.000 -9999.000 -9999.000 -9999.000 -9999.000 -9999.000 -9999.000 -9999.000 -9999.000 -9999.000 -9999.000 -9999.000 -9999.000 -9999.000 -9999.000 -9999.000 295.310 295.310 139.440 139.440 129.250 129.250 22.950 22.950 286.930 286.930 292.570 292.570 157.120 157.120 111.330 111.330 101.420 101.420 271.350 271.350 297.640 297.640 294.910 294.910 77.630 77.630 72.080 72.080 253.680 253.680 231.760 231.760 221.370 221.370 228.290 228.290 283.010 283.010 306.880 306.880 86.850 86.850 22.410 22.410 9.630 9.630 45.900 45.900 136.180 136.180 115.250
-9999.000 -9999.000 -9999.000 -9999.000 -9999.000 -9999.000 -9999.000 -9999.000 -9999.000 -9999.000 -9999.000 -9999.000 -9999.000 -9999.000 -9999.000 -9999.000 -9999.000 -9999.000 -9999.000 -9999.000 -9999.000 -9999.000 -9999.000 -9999.000 -9999.000 -9999.000 104.860 104.860 146.470 146.470 139.880 139.880 42.110 42.110 285.600 285.600 286.350 286.350 319.190 319.190 78.270 78.270 58.660 58.660 36.470 36.470 213.000 213.000 215.260 215.260 274.250 274.250 224.760 224.760 225.280 225.280 218.420 218.420 149.040 149.040 144.300 144.300 138.060 138.060 134.900 134.900 120.720
-9999.000 -9999.000 -9999.000 -9999.000 -9999.000 -9999.000 -9999.000 -9999.000 -9999.000 -9999.000 -9999.000 -9999.000 -9999.000 -9999.000 -9999.000 -9999.000 -9999.000 -9999.000 -9999.000 -9999.000 -9999.000 -9999.000 -9999.000 -9999.000 -9999.000 -9999.000 104.860 104.860 146.470 146.470 139.880 139.880 42.110 42.110 285.600 285.600 286.350 286.350 319.190 319.190 78.270 78.270 58.660 58.660 36.470 36.470 213.000 213.000 215.260 215.260 274.250 274.250 224.760 224.760 225.280 225.280 218.420 218.420 149.040 149.040 144.300 144.300 138.060 138.060 134.900 134.900 120.720
-9999.000 -9999.000 -9999.000 -9999.000 -9999.000 -9999.000 -9999.000 -9999.000 -9999.000 -9999.000 -9999.000 -9999.000 -9999.000 -9999.000 -9999.000 -9999.000 -9999.000 -9999.000 -9999.000 -9999.000 -9999.000 -9999.000 -9999.000 -9999.000 -9999.000 -9999.000 49.680 49.680 41.360 41.360 37.420 37.420 19.050 19.050 312.670 312.670 298.310 298.310 315.350 315.350 36.020 36.020 41.290 41.290 33.210 33.210 43.170 43.170 248.660 248.660 253.960 253.960 226.220 226.220 262.470 262.470 153.770 153.770 160.430 160.430 143.620 143.620 146.630 146.630 133.030 133.030 101.550
-9999.000 -9999.000 -9999.000 -9999.000 -9999.000 -9999.000 -9999.000 -9999.000 -9999.000 -9999.000 -9999.000 -9999.000 -9999.000 -9999.000 -9999.000 -9999.000 -9999.000 -9999.000 -9999.000 -9999.000 -9999.000 -9999.000 -9999.000 -9999.000 -9999.000 -9999.000 49.680 49.680 41.360 41.360 37.420 37.420 19.050 19.050 312.670 312.670 298.310 298.310 315.350 315.350 36.020 36.020 41.290 41.290 33.210 33.210 43.170 43.170 248.660 248.660 253.960 253.960 226.220 226.220 262.470 262.470 153.770 153.770 160.430 160.430 143.620 143.620 146.630 146.630 133.030 133.030 101.550
-9999.000 -9999.000 -9999.000 -9999.000 -9999.000 -9999.000 -9999.000 -9999.000 -9999.000 -9999.000 -9999.000 -9999.000 -9999.000 -9999.000 -9999.000 -9999.000 -9999.000 -9999.000 -9999.000 -9999.000 -9999.000 -9999.000 -9999.000 -9999.000 -9999.000 -9999.000 320.170 320.170 39.290 39.290 34.580 34.580 42.140 42.140 42.710 42.710 298.100 298.100 311.400 311.400 41.330 41.330 43.400 43.400 38.090 38.090 44.460 44.460 302.570 302.570 327.480 327.480 301.650 301.650 261.350 261.350 122.290 122.290 131.050 131.050 147.420 147.420 134.040 134.040 142.580 142.580 120.710
-9999.000 -9999.000 -9999.000 -9999.000 -9999.000 -9999.000 -9999.000 -9999.000 -9999.000 -9999.000 -9999.000 -9999.000 -9999.000 -9999.000 -9999.000 -9999.000 -9999.000 -9999.000 -9999.000 -9999.000 -9999.000 -9999.000 -9999.000 -9999.000 -9999.000 -9999.000 320.170 320.170 39.290 39.290 34.580 34.580 42.140 42.140 42.710 42.710 298.100 298.100 311.400 311.400 41.330 41.330 43.400 43.400 38.090 38.090 44.460 44.460 302.570 302.570 327.480 327.480 301.650 301.650 261.350 261.350 122.290 122.290 131.050 131.050 147.420 147.420 134.040 134.040 142.580 142.580 120.710
-9999.000 -9999.000 -9999.000 -9999.000 -9999.000 -9999.000 -9999.000 -9999.000 -9999.000 -9999.000 -9999.000 -9999.000 -9999.000 -9999.000 -9999.000 -9999.000 -9999.000 -9999.000 -9999.000 -9999.000 -9999.000 -9999.000 -9999.000 -9999.000 -9999.000 -9999.000 285.270 285.270 52.490 52.490 32.720 32.720 47.350 47.350 29.760 29.760 327.650 327.650 238.390 238.390 52.210 52.210 36.600 36.600 48.330 48.330 66.640 66.640 287.770 287.770 318.460 318.460 327.040 327.040 135.970 135.970 99.490 99.490 57.000 57.000 151.640 151.640 131.590 131.590 132.000 132.000 139.590
-9999.000 -9999.000 -9999.000 -9999.000 -9999.000 -9999.000 -9999.000 -9999.000 -9999.000 -9999.000 -9999.000 -9999.000 -9999.000 -9999.000 -9999.000 -9999.000 -9999.000 -9999.000 -9999.000 -9999.000 -9999.000 -9999.000 -9999.000 -9999.000 -9999.000 -9999.000 285.270 285.270 52.490 52.490 32.720 32.720 47.350 47.350 29.760 29.760 327.650 327.650 238.390 238.390 52.210 52.210 36.600 36.600 48.330 48.330 66.640 66.640 287.770 287.770 318.460 318.460 327.040 327.040 135.970 135.970 99.490 99.490 57.000 57.000 151.640 151.640 131.590 131.590 132.000 132.000 139.590
-9999.000 -9999.000 -9999.000 -9999.000 -9999.000 -9999.000 -9999.000 -9999.000 -9999.000 -9999.000 -9999.000 -9999.000 -9999.000 -9999.000 -9999.000 -9999.000 -9999.000 -9999.000 -9999.000 -9999.000 -9999.000 -9999.000 -9999.000 -9999.000 -9999.000 -9999.000 -9999.000 -9999.000 -9999.000 -9999.000 183.980 183.980 175.180 175.180 195.570 195.570 193.790 193.790 210.940 210.940 113.500 113.500 43.790 43.790 32.720 32.720 70.730 70.730 298.420 298.420 295.540 295.540 308.720 308.720 153.430 153.430 147.170 147.170 156.270 156.270 130.100 130.100 118.620 118.620 23.450 23.450 318.170
-9999.000 -9999.000 -9999.000 -9999.000 -9999.000 -9999.000 -9999.000 -9999.000 -9999.000 -9999.000 -9999.000 -9999.000 -9999.000 -9999.000 -9999.000 -9999.000 -9999.000 -9999.000 -9999.000 -9999.000 -9999.000 -9999.000 -9999.000 -9999.000 -9999.000 -9999.000 -9999.000 -9999.000 -9999.000 -9999.000 183.980 183.980 175.180 175.180 195.570 195.570 193.790 193.790 210.940 210.940 113.500 113.500 43.790 43.790 32.720 32.720 70.730 70.730 298.420 298.420 295.540 295.540 308.720 308.720 153.430 153.430 147.170 147.170 156.270 156.270 130.100 130.100 118.620 118.620 23.450 23.450 318.170
-9999.000 -9999.000 -9999.000 -9999.000 -9999.000 -9999.000 -9999.000 -9999.000 -9999.000 -9999.000 -9999.000 -9999.000 -9999.000 -9999.000 -9999.000 -9999.000 -9999.000 -9999.000 -9999.000 -9999.000 -9999.000 -9999.000 -9999.000 -9999.000 -9999.000 -9999.000 -9999.000 -9999.000 -9999.000 -9999.000 -9999.000 -9999.000 -9999.000 -9999.000 -9999.000 -9999.000 -9999.000 -9999.000 -9999.000 -9999.000 -9999.000 -9999.000 39.390 39.390 43.770 43.770 66.680 66.680 323.090 323.090 297.120 297.120 139.620 139.620 108.620 108.620 113.470 113.470 145.890 145.890 150.480 150.480 330.260 330.260 341.960 341.960 336.830
-9999.000 -9999.000 -9999.000 -9999.000 -9999.000 -9999.000 -9999.000 -9999.000 -9999.000 -9999.000 -9999.000 -9999.000 -9999.000 -9999.000 -9999.000 -9999.000 -9999.000 -9999.000 -9999.000 -9999.000 -9999.000 -9999.000 -9999.000 -9999.000 -9999.000 -9999.000 -9999.000 -9999.000 -9999.000 -9999.000 -9999.000 -9999.000 -9999.000 -9999.000 -9999.000 -9999.000 -9999.000 -9999.000 -9999.000 -9999.000 -9999.000 -9999.000 39.390 39.390 43.770 43.770 66.680 66.680 323.090 323.090 297.120 297.120 139.620 139.620 108.620 108.620 113.470 113.470 145.890 145.890 150.480 150.480 330.260 330.260 341.960 341.960 336.830
-9999.000 -9999.000 -9999.000 -9999.000 -9999.000 -9999.000 -9999.000 -9999.000 -9999.000 -9999.000 -9999.000 -9999.000 -9999.000 -9999.000 -9999.000 -9999.000 -9999.000 -9999.000 -9999.000 -9999.000 -9999.000 -9999.000 -9999.000 -9999.000 -9999.000 -9999.000 -9999.000 -9999.000 -9999.000 -9999.000 -9999.000 -9999.000 -9999.000 -9999.000 -9999.000 -9999.000 -9999.000 -9999.000 -9999.000 -9999.000 -9999.000 -9999.000 234.460 234.460 50.550 50.550 55.060 55.060 326.020 326.020 293.750 293.750 157.600 157.600 145.850 145.850 132.260 132.260 75.970 75.970 319.720 319.720 320.050 320.050 328.970 328.970 348.300
-9999.000 -9999.000 -9999.000 -9999.000 -9999.000 -9999.000 -9999.000 -9999.000 -9999.000 -9999.000 -9999.000 -9999.000 -9999.000 -9999.000 -9999.000 -9999.000 -9999.000 -9999.000 -9999.000 -9999.000 -9999.000 -9999.000 -9999.000 -9999.000 -9999.000 -9999.000 -9999.000 -9999.000 -9999.000 -9999.000 -9999.000 -9999.000 -9999.000 -9999.000 -9999.000 -9999.000 -9999.000 -9999.000 -9999.000 -9999.000 -9999.000 -9999.000 234.460 234.460 50.550 50.550 55.060 55.060 326.020 326.020 293.750 293.750 157.600 157.600 145.850 145.850 132.260 132.260 75.970 75.970 319.720 319.720 320.050 320.050 328.970 328.970 348.300
