3D/Venosta_3D/input_maps500/bedrock_scenA.asc
ncols 126 
nrows 96 
xllcorner 598000 
yllcorner 5145000 
cellsize 500 
NODATA_value -9999 
[rows 37 to 73 of 96, columns 0 to 81 of 126]
-9999 -9999 -9999 -9999 -9999 -9999 -9999 -9999 -9999 -9999 -9999 -9999 -9999 -9999 -9999 -9999 -9999 -9999 -9999 -9999 1820 1820 1450 1450 3180 3180 7640 7640 1900 1900 3580 3580 3340 3340 2870 2870 2660 2660 14430 14430 14430 14430 1670 1670 2540 2540 1930 1930 2600 2600 2420 2420 2410 2410 3270 3270 1070 1070 2090 2090 1360 1360 3970 3970 1420 1420 1420 1420 1420 1420 1650 1650 2960 2960 2960 2960 0 0 1620 1620 1620 1620
-9999 -9999 -9999 -9999 -9999 -9999 -9999 -9999 -9999 -9999 -9999 -9999 -9999 -9999 -9999 -9999 -9999 -9999 -9999 -9999 1820 1820 1820 1820 2400 2400 2440 2440 7640 7640 2280 2280 2510 2510 5070 5070 4110 4110 14430 14430 4180 4180 2410 2410 2540 2540 3030 3030 2420 2420 3190 3190 5730 5730 3070 3070 2430 2430 1550 1550 1550 1550 2300 2300 0 0 1420 1420 1420 1420 3310 3310 2140 2140 2140 2140 1420 1420 1420 1420 1800 1800
-9999 -9999 -9999 -9999 -9999 -9999 -9999 -9999 -9999 -9999 -9999 -9999 -9999 -9999 -9999 -9999 -9999 -9999 -9999 -9999 1820 1820 1820 1820 2400 2400 2440 2440 7640 7640 2280 2280 2510 2510 5070 5070 4110 4110 14430 14430 4180 4180 2410 2410 2540 2540 3030 3030 2420 2420 3190 3190 5730 5730 3070 3070 2430 2430 1550 1550 1550 1550 2300 2300 0 0 1420 1420 1420 1420 3310 3310 2140 2140 2140 2140 1420 1420 1420 1420 1800 1800
-9999 -9999 -9999 -9999 -9999 -9999 -9999 -9999 -9999 -9999 -9999 -9999 -9999 -9999 -9999 -9999 2500 2500 1820 1820 560 560 2980 2980 3220 3220 2050 2050 2180 2180 7640 7640 3640 3640 2420 2420 14430 14430 14430 14430 6940 6940 2630 2630 3400 3400 3170 3170 2940 2940 5730 5730 5000 5000 2430 2430 3300 3300 1630 1630 0 0 1420 1420 1420 1420 1420 1420 1600 1600 1600 1600 1090 1090 2140 2140 1420 1420 0 0 0 0
-9999 -9999 -9999 -9999 -9999 -9999 -9999 -9999 -9999 -9999 -9999 -9999 -9999 -9999 -9999 -9999 2500 2500 1820 1820 560 560 2980 2980 3220 3220 2050 2050 2180 2180 7640 7640 3640 3640 2420 2420 14430 14430 14430 14430 6940 6940 2630 2630 3400 3400 3170 3170 2940 2940 5730 5730 5000 5000 2430 2430 3300 3300 1630 1630 0 0 1420 1420 1420 1420 1420 1420 1600 1600 1600 1600 1090 1090 2140 2140 1420 1420 0 0 0 0
-9999 -9999 -9999 -9999 -9999 -9999 -9999 -9999 -9999 -9999 -9999 -9999 -9999 -9999 -9999 -9999 0 0 2990 2990 1820 1820 1210 1210 1510 1510 3220 3220 3050 3050 3690 3690 3480 3480 3480 3480 1950 1950 14430 14430 19260 19260 10070 10070 6600 6600 3670 3670 3670 3670 5730 5730 5360 5360 2430 2430 0 0 1490 1490 1490 1490 0 0 1600 1600 0 0 2490 2490 2490 2490 1790 1790 2140 2140 1350 1350 1770 1770 1770 1770
-9999 -9999 -9999 -9999 -9999 -9999 -9999 -9999 -9999 -9999 -9999 -9999 -9999 -9999 -9999 -9999 0 0 2990 2990 1820 1820 1210 1210 1510 1510 3220 3220 3050 3050 3690 3690 3480 3480 3480 3480 1950 1950 14430 14430 19260 19260 10070 10070 6600 6600 3670 3670 3670 3670 5730 5730 5360 5360 2430 2430 0 0 1490 1490 1490 1490 0 0 1600 1600 0 0 2490 2490 2490 2490 1790 1790 2140 2140 1350 1350 1770 1770 1770 1770
-9999 -9999 -9999 -9999 -9999 -9999 -9999 -9999 -9999 -9999 -9999 -9999 -9999 -9999 -9999 -9999 1860 1860 1870 1870 1300 1300 1610 1610 3690 3690 0 0 2240 2240 1990 1990 2920 2920 2700 2700 3160 3160 14430 14430 14430 14430 9670 9670 5510 5510 5510 5510 5810 5810 2440 2440 3070 3070 2430 2430 0 0 1300 1300 0 0 3650 3650 2450 2450 910 910 2490 2490 1770 1770 1960 1960 1960 1960 1920 1920 1770 1770 1770 1770
-9999 -9999 -9999 -9999 -9999 -9999 -9999 -9999 -9999 -9999 -9999 -9999 -9999 -9999 -9999 -9999 1860 1860 1870 1870 1300 1300 1610 1610 3690 3690 0 0 2240 2240 1990 1990 2920 2920 2700 2700 3160 3160 14430 14430 14430 14430 9670 9670 5510 5510 5510 5510 5810 5810 2440 2440 3070 3070 2430 2430 0 0 1300 1300 0 0 3650 3650 2450 2450 910 910 2490 2490 1770 1770 1960 1960 1960 1960 1920 1920 1770 1770 1770 1770
-9999 -9999 -9999 -9999 -9999 -9999 -9999 -9999 -9999 -9999 -9999 -9999 -9999 -9999 -9999 -9999 0 0 1860 1860 7870 7870 0 0 3000 3000 3840 3840 950 950 2010 2010 1410 1410 2290 2290 19260 19260 19260 19260 16330 16330 23380 23380 22800 22800 17420 17420 6530 6530 3070 3070 2430 2430 1450 1450 2010 2010 1300 1300 1200 1200 1990 1990 910 910 2470 2470 790 790 1900 1900 1530 1530 2200 2200 1810 1810 1770 1770 1770 1770
-9999 -9999 -9999 -9999 -9999 -9999 -9999 -9999 -9999 -9999 -9999 -9999 -9999 -9999 -9999 -9999 0 0 1860 1860 7870 7870 0 0 3000 3000 3840 3840 950 950 2010 2010 1410 1410 2290 2290 19260 19260 19260 19260 16330 16330 23380 23380 22800 22800 17420 17420 6530 6530 3070 3070 2430 2430 1450 1450 2010 2010 1300 1300 1200 1200 1990 1990 910 910 2470 2470 790 790 1900 1900 1530 1530 2200 2200 1810 1810 1770 1770 1770 1770
-9999 -9999 -9999 -9999 -9999 -9999 -9999 -9999 -9999 -9999 -9999 -9999 -9999 -9999 -9999 -9999 2500 2500 2420 2420 6690 6690 1490 1490 1310 1310 2370 2370 2050 2050 3950 3950 11640 11640 2910 2910 2910 2910 2910 2910 4300 4300 16330 16330 22800 22800 22800 22800 3230 3230 3070 3070 2430 2430 2430 2430 2610 2610 2610 2610 1920 1920 2610 2610 1370 1370 2080 2080 1900 1900 1660 1660 1960 1960 2200 2200 1450 1450 2120 2120 1230 1230
-9999 -9999 -9999 -9999 -9999 -9999 -9999 -9999 -9999 -9999 -9999 -9999 -9999 -9999 -9999 -9999 2500 2500 2420 2420 6690 6690 1490 1490 1310 1310 2370 2370 2050 2050 3950 3950 11640 11640 2910 2910 2910 2910 2910 2910 4300 4300 16330 16330 22800 22800 22800 22800 3230 3230 3070 3070 2430 2430 2430 2430 2610 2610 2610 2610 1920 1920 2610 2610 1370 1370 2080 2080 1900 1900 1660 1660 1960 1960 2200 2200 1450 1450 2120 2120 1230 1230
-9999 -9999 -9999 -9999 500 500 2500 2500 2500 2500 2500 2500 2500 2500 2500 2500 2500 2500 3560 3560 2200 2200 9820 9820 2320 2320 2260 2260 3120 3120 10120 10120 1570 1570 2910 2910 2010 2010 2170 2170 2910 2910 5020 5020 23380 23380 22800 22800 8040 8040 3710 3710 2610 2610 2610 2610 3190 3190 3420 3420 2610 2610 2610 2610 5830 5830 2080 2080 2370 2370 2230 2230 3630 3630 3630 3630 1760 1760 1280 1280 1920 1920
-9999 -9999 -9999 -9999 500 500 2500 2500 2500 2500 2500 2500 2500 2500 2500 2500 2500 2500 3560 3560 2200 2200 9820 9820 2320 2320 2260 2260 3120 3120 10120 10120 1570 1570 2910 2910 2010 2010 2170 2170 2910 2910 5020 5020 23380 23380 22800 22800 8040 8040 3710 3710 2610 2610 2610 2610 3190 3190 3420 3420 2610 2610 2610 2610 5830 5830 2080 2080 2370 2370 2230 2230 3630 3630 3630 3630 1760 1760 1280 1280 1920 1920
-9999 -9999 2500 2500 2500 2500 2500 2500 2500 2500 2500 2500 2500 2500 2500 2500 2500 2500 1860 1860 2230 2230 2710 2710 11640 11640 11640 11640 11640 11640 1570 1570 2910 2910 2370 2370 4460 4460 2910 2910 3680 3680 3120 3120 23290 23290 23380 23380 6420 6420 4180 4180 5400 5400 4180 4180 3710 3710 6780 6780 3420 3420 3420 3420 3420 3420 4410 4410 3000 3000 4400 4400 3160 3160 3160 3160 4190 4190 5410 5410 2110 2110
-9999 -9999 2500 2500 2500 2500 2500 2500 2500 2500 2500 2500 2500 2500 2500 2500 2500 2500 1860 1860 2230 2230 2710 2710 11640 11640 11640 11640 11640 11640 1570 1570 2910 2910 2370 2370 4460 4460 2910 2910 3680 3680 3120 3120 23290 23290 23380 23380 6420 6420 4180 4180 5400 5400 4180 4180 3710 3710 6780 6780 3420 3420 3420 3420 3420 3420 4410 4410 3000 3000 4400 4400 3160 3160 3160 3160 4190 4190 5410 5410 2110 2110
-9999 -9999 2500 2500 2500 2500 2500 2500 25000 25000 2500 2500 2500 2500 2500 2500 2500 2500 1000 1000 2500 2500 2500 2500 2500 2500 25000 25000 1800 1800 2700 2700 1710 1710 2230 2230 3140 3140 3140 3140 4790 4790 3810 3810 10820 10820 23380 23380 22110 22110 24000 24000 4180 4180 19420 19420 18200 18200 3680 3680 2710 2710 3170 3170 4030 4030 17560 17560 17560 17560 17560 17560 19330 19330 19330 19330 4220 4220 4220 4220 4220 4220
-9999 -9999 2500 2500 2500 2500 2500 2500 25000 25000 2500 2500 2500 2500 2500 2500 2500 2500 1000 1000 2500 2500 2500 2500 2500 2500 25000 25000 1800 1800 2700 2700 1710 1710 2230 2230 3140 3140 3140 3140 4790 4790 3810 3810 10820 10820 23380 23380 22110 22110 24000 24000 4180 4180 19420 19420 18200 18200 3680 3680 2710 2710 3170 3170 4030 4030 17560 17560 17560 17560 17560 17560 19330 19330 19330 19330 4220 4220 4220 4220 4220 4220
-9999 -9999 500 500 2500 2500 2500 2500 2500 2500 25000 25000 25000 25000 2500 2500 2500 2500 2500 2500 2500 2500 2500 2500 2500 2500 25000 25000 2500 2500 2310 2310 3250 3250 2370 2370 2740 2740 3140 3140 3140 3140 3140 3140 6220 6220 23870 23870 24000 24000 24000 24000 24170 24170 24170 24170 24170 24170 24170 24170 24170 24170 24170 24170 17560 17560 17560 17560 17560 17560 17560 17560 17560 17560 19330 19330 19330 19330 19330 19330 24670 24670
-9999 -9999 500 500 2500 2500 2500 2500 2500 2500 25000 25000 25000 25000 2500 2500 2500 2500 2500 2500 2500 2500 2500 2500 2500 2500 25000 25000 2500 2500 2310 2310 3250 3250 2370 2370 2740 2740 3140 3140 3140 3140 3140 3140 6220 6220 23870 23870 24000 24000 24000 24000 24170 24170 24170 24170 24170 24170 24170 24170 24170 24170 24170 24170 17560 17560 17560 17560 17560 17560 17560 17560 17560 17560 19330 19330 19330 19330 19330 19330 24670 24670
-9999 -9999 500 500 2500 2500 2500 2500 2500 2500 2500 2500 25000 25000 500 500 2500 2500 2500 2500 2500 2500 500 500 25000 25000 2500 2500 2500 2500 1000 1000 0 0 2480 2480 3180 3180 3140 3140 3140 3140 2050 2050 3670 3670 17960 17960 17970 17970 21170 21170 7560 7560 13870 13870 23360 23360 4350 4350 3220 3220 17560 17560 17560 17560 17560 17560 11310 11310 4070 4070 5280 5280 8260 8260 7870 7870 5190 5190 19330 19330
-9999 -9999 500 500 2500 2500 2500 2500 2500 2500 2500 2500 25000 25000 500 500 2500 2500 2500 2500 2500 2500 500 500 25000 25000 2500 2500 2500 2500 1000 1000 0 0 2480 2480 3180 3180 3140 3140 3140 3140 2050 2050 3670 3670 17960 17960 17970 17970 21170 21170 7560 7560 13870 13870 23360 23360 4350 4350 3220 3220 17560 17560 17560 17560 17560 17560 11310 11310 4070 4070 5280 5280 8260 8260 7870 7870 5190 5190 19330 19330
-9999 -9999 2500 2500 500 500 2500 2500 2500 2500 2500 2500 2500 2500 2500 2500 25000 25000 2500 2500 25000 25000 25000 25000 25000 25000 2500 2500 2500 2500 2500 2500 2190 2190 2250 2250 2500 2500 3140 3140 2280 2280 1900 1900 7130 7130 8330 8330 4920 4920 2960 2960 2070 2070 3320 3320 3840 3840 2960 2960 2960 2960 4410 4410 6280 6280 4070 4070 4070 4070 4070 4070 7960 7960 6410 6410 6410 6410 4120 4120 4120 4120
-9999 -9999 2500 2500 500 500 2500 2500 2500 2500 2500 2500 2500 2500 2500 2500 25000 25000 2500 2500 25000 25000 25000 25000 25000 25000 2500 2500 2500 2500 2500 2500 2190 2190 2250 2250 2500 2500 3140 3140 2280 2280 1900 1900 7130 7130 8330 8330 4920 4920 2960 2960 2070 2070 3320 3320 3840 3840 2960 2960 2960 2960 4410 4410 6280 6280 4070 4070 4070 4070 4070 4070 7960 7960 6410 6410 6410 6410 4120 4120 4120 4120
-9999 -9999 -9999 -9999 -9999 -9999 2500 2500 2500 2500 2500 2500 2500 2500 2500 2500 2500 2500 2500 2500 2500 2500 2500 2500 2500 2500 2500 2500 2500 2500 500 500 2150 2150 4720 4720 2910 2910 3140 3140 3670 3670 3240 3240 2960 2960 2960 2960 2960 2960 2960 2960 1860 1860 2960 2960 1950 1950 2960 2960 2960 2960 2960 2960 1920 1920 3200 3200 3200 3200 3200 3200 2400 2400 4950 4950 4950 4950 4950 4950 4120 4120
-9999 -9999 -9999 -9999 -9999 -9999 2500 2500 2500 2500 2500 2500 2500 2500 2500 2500 2500 2500 2500 2500 2500 2500 2500 2500 2500 2500 2500 2500 2500 2500 500 500 2150 2150 4720 4720 2910 2910 3140 3140 3670 3670 3240 3240 2960 2960 2960 2960 2960 2960 2960 2960 1860 1860 2960 2960 1950 1950 2960 2960 2960 2960 2960 2960 1920 1920 3200 3200 3200 3200 3200 3200 2400 2400 4950 4950 4950 4950 4950 4950 4120 4120
-9999 -9999 -9999 -9999 -9999 -9999 -9999 -9999 500 500 2500 2500 2500 2500 2500 2500 2500 2500 2500 2500 2500 2500 2500 2500 2500 2500 2500 2500 2500 2500 2500 2500 1640 1640 1640 1640 3140 3140 2640 2640 3530 3530 2960 2960 2960 2960 2450 2450 3160 3160 2030 2030 0 0 2960 2960 830 830 1500 1500 1970 1970 2960 2960 810 810 2220 2220 2070 2070 3750 3750 3000 3000 3060 3060 1420 1420 1900 1900 1840 1840
-9999 -9999 -9999 -9999 -9999 -9999 -9999 -9999 500 500 2500 2500 2500 2500 2500 2500 2500 2500 2500 2500 2500 2500 2500 2500 2500 2500 2500 2500 2500 2500 2500 2500 1640 1640 1640 1640 3140 3140 2640 2640 3530 3530 2960 2960 2960 2960 2450 2450 3160 3160 2030 2030 0 0 2960 2960 830 830 1500 1500 1970 1970 2960 2960 810 810 2220 2220 2070 2070 3750 3750 3000 3000 3060 3060 1420 1420 1900 1900 1840 1840
-9999 -9999 -9999 -9999 -9999 -9999 -9999 -9999 -9999 -9999 500 500 2500 2500 2500 2500 2500 2500 2500 2500 500 500 2500 2500 2500 2500 2500 2500 2500 2500 500 500 2260 2260 2560 2560 3190 3190 2710 2710 12570 12570 2960 2960 3680 3680 0 0 2100 2100 2730 2730 2150 2150 1500 1500 1500 1500 1500 1500 1810 1810 2800 2800 950 950 0 0 0 0 0 0 2180 2180 2210 2210 1990 1990 7960 7960 4690 4690
-9999 -9999 -9999 -9999 -9999 -9999 -9999 -9999 -9999 -9999 500 500 2500 2500 2500 2500 2500 2500 2500 2500 500 500 2500 2500 2500 2500 2500 2500 2500 2500 500 500 2260 2260 2560 2560 3190 3190 2710 2710 12570 12570 2960 2960 3680 3680 0 0 2100 2100 2730 2730 2150 2150 1500 1500 1500 1500 1500 1500 1810 1810 2800 2800 950 950 0 0 0 0 0 0 2180 2180 2210 2210 1990 1990 7960 7960 4690 4690
-9999 -9999 -9999 -9999 -9999 -9999 -9999 -9999 -9999 -9999 2500 2500 2500 2500 500 500 2500 2500 500 500 2500 2500 2500 2500 2500 2500 2500 2500 2500 2500 1560 1560 2810 2810 3190 3190 2220 2220 2090 2090 2090 2090 1980 1980 2450 2450 1930 1930 0 0 0 0 0 0 1500 1500 0 0 890 890 1690 1690 4220 4220 0 0 0 0 1980 1980 1980 1980 2110 2110 2630 2630 7960 7960 5290 5290 2050 2050
-9999 -9999 -9999 -9999 -9999 -9999 -9999 -9999 -9999 -9999 2500 2500 2500 2500 500 500 2500 2500 500 500 2500 2500 2500 2500 2500 2500 2500 2500 2500 2500 1560 1560 2810 2810 3190 3190 2220 2220 2090 2090 2090 2090 1980 1980 2450 2450 1930 1930 0 0 0 0 0 0 1500 1500 0 0 890 890 1690 1690 4220 4220 0 0 0 0 1980 1980 1980 1980 2110 2110 2630 2630 7960 7960 5290 5290 2050 2050
-9999 -9999 -9999 -9999 -9999 -9999 -9999 -9999 -9999 -9999 500 500 2500 2500 2500 2500 2500 2500 500 500 500 500 2500 2500 2500 2500 500 500 2500 2500 1350 1350 2720 2720 3130 3130 2080 2080 1870 1870 1740 1740 3490 3490 2450 2450 3210 3210 1030 1030 0 0 0 0 1770 1770 0 0 1500 1500 3280 3280 1610 1610 0 0 1620 1620 0 0 1980 1980 2760 2760 3310 3310 7960 7960 2050 2050 1880 1880
-9999 -9999 -9999 -9999 -9999 -9999 -9999 -9999 -9999 -9999 500 500 2500 2500 2500 2500 2500 2500 500 500 500 500 2500 2500 2500 2500 500 500 2500 2500 1350 1350 2720 2720 3130 3130 2080 2080 1870 1870 1740 1740 3490 3490 2450 2450 3210 3210 1030 1030 0 0 0 0 1770 1770 0 0 1500 1500 3280 3280 1610 1610 0 0 1620 1620 0 0 1980 1980 2760 2760 3310 3310 7960 7960 2050 2050 1880 1880
-9999 -9999 -9999 -9999 -9999 -9999 -9999 -9999 -9999 -9999 500 500 500 500 500 500 500 500 500 500 500 500 2500 2500 2500 2500 500 500 2500 2500 1680 1680 1630 1630 3130 3130 0 0 2640 2640 1020 1020 3290 3290 2450 2450 1580 1580 1510 1510 0 0 1770 1770 1770 1770 0 0 1100 1100 0 0 1610 1610 0 0 1620 1620 1810 1810 3300 3300 3300 3300 3310 3310 6020 6020 1300 1300 1880 1880
-9999 -9999 -9999 -9999 -9999 -9999 -9999 -9999 -9999 -9999 500 500 500 500 500 500 500 500 500 500 500 500 2500 2500 2500 2500 500 500 2500 2500 1680 1680 1630 1630 3130 3130 0 0 2640 2640 1020 1020 3290 3290 2450 2450 1580 1580 1510 1510 0 0 1770 1770 1770 1770 0 0 1100 1100 0 0 1610 1610 0 0 1620 1620 1810 1810 3300 3300 3300 3300 3310 3310 6020 6020 1300 1300 1880 1880
