3D/Venosta_3D/input_maps500/pit.asc
ncols 126 
nrows 96 
xllcorner 598000 
yllcorner 5145000 
cellsize 500 
NODATA_value -9999 
[rows 39 to 77 of 96, columns 0 to 85 of 126]
2313 2313 2216 2216 2033 2033 2288 2288 2149 2149 2061 2061 2435 2435 2682 2682 2880 2880 3020 3020 2770 2770 2578 2578 2409 2409 2038 2038 1718 1718 1887 1887 1926 1926 1596 1596 1194 1194 1189 1189 1536 1536 1849 1849 2111 2111 2343 2343 2199 2199 1809 1809 1583 1583 1895 1895 2311 2311 2768 2768 2744 2744 2468 2468 2702 2702 3046 3046 2803 2803 2365 2365 2153 2153 2251 2251 2639 2639 2946 2946 2768 2768 2364 2364 2328 2328
2303 2303 2327 2327 2221 2221 2587 2587 2334 2334 2061 2061 2118 2118 2237 2237 2496 2496 2697 2697 2811 2811 2436 2436 2219 2219 2218 2218 2014 2014 1577 1577 1521 1521 1296 1296 1080 1080 1096 1096 1260 1260 1469 1469 1634 1634 1959 1959 1937 1937 1548 1548 1715 1715 2220 2220 2443 2443 2757 2757 3042 3042 2756 2756 2776 2776 3029 3029 2766 2766 2794 2794 2316 2316 2152 2152 2663 2663 3005 3005 2777 2777 2477 2477 2676 2676
2303 2303 2327 2327 2221 2221 2587 2587 2334 2334 2061 2061 2118 2118 2237 2237 2496 2496 2697 2697 2811 2811 2436 2436 2219 2219 2218 2218 2014 2014 1577 1577 1521 1521 1296 1296 1080 1080 1096 1096 1260 1260 1469 1469 1634 1634 1959 1959 1937 1937 1548 1548 1715 1715 2220 2220 2443 2443 2757 2757 3042 3042 2756 2756 2776 2776 3029 3029 2766 2766 2794 2794 2316 2316 2152 2152 2663 2663 3005 3005 2777 2777 2477 2477 2676 2676
2594 2594 2316 2316 2262 2262 2678 2678 2528 2528 2178 2178 2288 2288 2498 2498 2265 2265 2271 2271 2554 2554 2705 2705 2508 2508 2051 2051 2144 2144 1800 1800 1622 1622 1564 1564 1132 1132 1020 1020 1022 1022 1101 1101 1369 1369 1658 1658 1559 1559 1415 1415 1742 1742 2167 2167 2628 2628 2843 2843 2978 2978 2842 2842 2709 2709 2869 2869 2707 2707 2660 2660 2155 2155 2028 2028 2437 2437 2757 2757 2914 2914 2973 2973 2830 2830
2594 2594 2316 2316 2262 2262 2678 2678 2528 2528 2178 2178 2288 2288 2498 2498 2265 2265 2271 2271 2554 2554 2705 2705 2508 2508 2051 2051 2144 2144 1800 1800 1622 1622 1564 1564 1132 1132 1020 1020 1022 1022 1101 1101 1369 1369 1658 1658 1559 1559 1415 1415 1742 1742 2167 2167 2628 2628 2843 2843 2978 2978 2842 2842 2709 2709 2869 2869 2707 2707 2660 2660 2155 2155 2028 2028 2437 2437 2757 2757 2914 2914 2973 2973 2830 2830
2869 2869 2746 2746 2583 2583 2783 2783 2427 2427 2178 2178 2286 2286 2496 2496 2566 2566 2191 2191 2347 2347 2627 2627 2342 2342 2369 2369 2185 2185 2082 2082 1762 1762 1503 1503 1103 1103 957 957 936 936 957 957 1064 1064 1234 1234 1235 1235 1476 1476 1817 1817 2285 2285 2730 2730 2726 2726 2730 2730 2448 2448 2653 2653 2634 2634 2559 2559 2281 2281 2264 2264 1857 1857 2312 2312 2581 2581 2817 2817 2878 2878 2706 2706
2869 2869 2746 2746 2583 2583 2783 2783 2427 2427 2178 2178 2286 2286 2496 2496 2566 2566 2191 2191 2347 2347 2627 2627 2342 2342 2369 2369 2185 2185 2082 2082 1762 1762 1503 1503 1103 1103 957 957 936 936 957 957 1064 1064 1234 1234 1235 1235 1476 1476 1817 1817 2285 2285 2730 2730 2726 2726 2730 2730 2448 2448 2653 2653 2634 2634 2559 2559 2281 2281 2264 2264 1857 1857 2312 2312 2581 2581 2817 2817 2878 2878 2706 2706
2443 2443 2636 2636 2835 2835 2582 2582 2288 2288 2197 2197 2485 2485 2717 2717 2804 2804 2327 2327 1964 1964 2455 2455 2341 2341 2182 2182 1881 1881 1627 1627 1183 1183 1044 1044 1044 1044 1043 1043 955 955 914 914 914 914 1014 1014 1371 1371 1717 1717 2060 2060 2398 2398 2440 2440 2226 2226 2360 2360 2277 2277 2096 2096 2042 2042 2450 2450 2571 2571 2304 2304 1739 1739 2194 2194 2482 2482 2810 2810 2705 2705 2635 2635
2443 2443 2636 2636 2835 2835 2582 2582 2288 2288 2197 2197 2485 2485 2717 2717 2804 2804 2327 2327 1964 1964 2455 2455 2341 2341 2182 2182 1881 1881 1627 1627 1183 1183 1044 1044 1044 1044 1043 1043 955 955 914 914 914 914 1014 1014 1371 1371 1717 1717 2060 2060 2398 2398 2440 2440 2226 2226 2360 2360 2277 2277 2096 2096 2042 2042 2450 2450 2571 2571 2304 2304 1739 1739 2194 2194 2482 2482 2810 2810 2705 2705 2635 2635
2287 2287 2693 2693 2689 2689 2524 2524 2292 2292 2197 2197 2405 2405 2662 2662 2892 2892 2349 2349 1916 1916 2029 2029 1806 1806 1691 1691 1541 1541 1201 1201 1105 1105 1367 1367 1658 1658 1425 1425 1157 1157 914 914 914 914 949 949 1334 1334 1825 1825 2226 2226 2112 2112 1912 1912 1852 1852 2181 2181 1987 1987 1610 1610 1954 1954 2230 2230 2192 2192 2023 2023 1578 1578 1669 1669 2074 2074 2292 2292 2222 2222 2046 2046
2287 2287 2693 2693 2689 2689 2524 2524 2292 2292 2197 2197 2405 2405 2662 2662 2892 2892 2349 2349 1916 1916 2029 2029 1806 1806 1691 1691 1541 1541 1201 1201 1105 1105 1367 1367 1658 1658 1425 1425 1157 1157 914 914 914 914 949 949 1334 1334 1825 1825 2226 2226 2112 2112 1912 1912 1852 1852 2181 2181 1987 1987 1610 1610 1954 1954 2230 2230 2192 2192 2023 2023 1578 1578 1669 1669 2074 2074 2292 2292 2222 2222 2046 2046
2350 2350 2567 2567 2559 2559 2456 2456 2370 2370 2393 2393 2234 2234 2444 2444 2620 2620 2428 2428 2032 2032 1634 1634 1624 1624 1428 1428 1202 1202 1167 1167 1653 1653 2059 2059 2096 2096 1717 1717 1402 1402 979 979 914 914 914 914 1192 1192 1546 1546 1806 1806 1795 1795 1504 1504 1699 1699 2004 2004 1911 1911 1410 1410 1715 1715 1674 1674 1776 1776 1524 1524 1390 1390 1561 1561 1917 1917 1849 1849 1708 1708 1631 1631
2350 2350 2567 2567 2559 2559 2456 2456 2370 2370 2393 2393 2234 2234 2444 2444 2620 2620 2428 2428 2032 2032 1634 1634 1624 1624 1428 1428 1202 1202 1167 1167 1653 1653 2059 2059 2096 2096 1717 1717 1402 1402 979 979 914 914 914 914 1192 1192 1546 1546 1806 1806 1795 1795 1504 1504 1699 1699 2004 2004 1911 1911 1410 1410 1715 1715 1674 1674 1776 1776 1524 1524 1390 1390 1561 1561 1917 1917 1849 1849 1708 1708 1631 1631
2193 2193 2236 2236 2231 2231 2275 2275 2371 2371 2183 2183 2223 2223 2514 2514 2630 2630 2559 2559 2191 2191 1826 1826 1393 1393 1268 1268 1239 1239 1697 1697 2029 2029 2303 2303 2219 2219 1711 1711 1350 1350 1045 1045 914 914 914 914 942 942 1171 1171 1324 1324 1306 1306 1156 1156 1396 1396 1507 1507 1590 1590 1398 1398 1247 1247 1264 1264 1213 1213 1095 1095 1081 1081 1133 1133 1312 1312 1327 1327 1194 1194 1201 1201
2193 2193 2236 2236 2231 2231 2275 2275 2371 2371 2183 2183 2223 2223 2514 2514 2630 2630 2559 2559 2191 2191 1826 1826 1393 1393 1268 1268 1239 1239 1697 1697 2029 2029 2303 2303 2219 2219 1711 1711 1350 1350 1045 1045 914 914 914 914 942 942 1171 1171 1324 1324 1306 1306 1156 1156 1396 1396 1507 1507 1590 1590 1398 1398 1247 1247 1264 1264 1213 1213 1095 1095 1081 1081 1133 1133 1312 1312 1327 1327 1194 1194 1201 1201
2264 2264 2042 2042 1958 1958 1948 1948 2038 2038 1986 1986 2333 2333 2593 2593 2652 2652 2619 2619 2284 2284 1881 1881 1381 1381 1246 1246 1565 1565 2035 2035 2315 2315 2333 2333 1903 1903 1621 1621 1329 1329 1160 1160 935 935 914 914 914 914 914 914 914 914 914 914 914 914 955 955 989 989 1110 1110 1075 1075 1053 1053 981 981 881 881 796 796 726 726 746 746 801 801 772 772 775 775 854 854
2264 2264 2042 2042 1958 1958 1948 1948 2038 2038 1986 1986 2333 2333 2593 2593 2652 2652 2619 2619 2284 2284 1881 1881 1381 1381 1246 1246 1565 1565 2035 2035 2315 2315 2333 2333 1903 1903 1621 1621 1329 1329 1160 1160 935 935 914 914 914 914 914 914 914 914 914 914 914 914 955 955 989 989 1110 1110 1075 1075 1053 1053 981 981 881 881 796 796 726 726 746 746 801 801 772 772 775 775 854 854
2515 2515 2290 2290 1903 1903 1773 1773 1690 1690 1818 1818 1945 1945 2170 2170 2318 2318 2255 2255 2031 2031 1604 1604 1283 1283 1432 1432 1862 1862 2174 2174 2425 2425 2171 2171 2071 2071 1679 1679 1716 1716 1508 1508 1093 1093 914 914 914 914 914 914 914 914 914 914 914 914 914 914 914 914 914 914 914 914 948 948 906 906 830 830 778 778 727 727 717 717 717 717 717 717 717 717 717 717
2515 2515 2290 2290 1903 1903 1773 1773 1690 1690 1818 1818 1945 1945 2170 2170 2318 2318 2255 2255 2031 2031 1604 1604 1283 1283 1432 1432 1862 1862 2174 2174 2425 2425 2171 2171 2071 2071 1679 1679 1716 1716 1508 1508 1093 1093 914 914 914 914 914 914 914 914 914 914 914 914 914 914 914 914 914 914 914 914 948 948 906 906 830 830 778 778 727 727 717 717 717 717 717 717 717 717 717 717
2749 2749 2473 2473 2246 2246 2075 2075 1903 1903 1680 1680 1666 1666 1818 1818 1972 1972 2053 2053 1684 1684 1390 1390 1333 1333 1737 1737 2095 2095 2462 2462 2590 2590 2432 2432 2208 2208 1907 1907 1752 1752 1445 1445 1051 1051 995 995 954 954 971 971 977 977 995 995 1006 1006 1007 1007 1043 1043 925 925 924 924 906 906 927 927 1028 1028 1029 1029 1063 1063 979 979 828 828 747 747 717 717 717 717
2749 2749 2473 2473 2246 2246 2075 2075 1903 1903 1680 1680 1666 1666 1818 1818 1972 1972 2053 2053 1684 1684 1390 1390 1333 1333 1737 1737 2095 2095 2462 2462 2590 2590 2432 2432 2208 2208 1907 1907 1752 1752 1445 1445 1051 1051 995 995 954 954 971 971 977 977 995 995 1006 1006 1007 1007 1043 1043 925 925 924 924 906 906 927 927 1028 1028 1029 1029 1063 1063 979 979 828 828 747 747 717 717 717 717
2584 2584 2721 2721 2680 2680 2335 2335 2140 2140 1931 1931 1714 1714 1620 1620 1609 1609 1606 1606 1457 1457 1374 1374 1604 1604 1960 1960 2296 2296 2572 2572 2362 2362 2286 2286 2057 2057 1743 1743 1391 1391 1116 1116 1232 1232 1294 1294 1344 1344 1436 1436 1474 1474 1382 1382 1582 1582 1404 1404 1527 1527 1367 1367 1270 1270 1427 1427 1402 1402 1470 1470 1257 1257 1464 1464 1407 1407 1286 1286 1186 1186 813 813 1013 1013
2584 2584 2721 2721 2680 2680 2335 2335 2140 2140 1931 1931 1714 1714 1620 1620 1609 1609 1606 1606 1457 1457 1374 1374 1604 1604 1960 1960 2296 2296 2572 2572 2362 2362 2286 2286 2057 2057 1743 1743 1391 1391 1116 1116 1232 1232 1294 1294 1344 1344 1436 1436 1474 1474 1382 1382 1582 1582 1404 1404 1527 1527 1367 1367 1270 1270 1427 1427 1402 1402 1470 1470 1257 1257 1464 1464 1407 1407 1286 1286 1186 1186 813 813 1013 1013
2246 2246 2449 2449 2476 2476 2575 2575 2416 2416 2170 2170 1972 1972 1803 1803 1686 1686 1491 1491 1481 1481 1583 1583 1924 1924 2304 2304 2369 2369 2709 2709 2343 2343 2047 2047 1874 1874 1578 1578 1206 1206 1385 1385 1611 1611 1727 1727 1821 1821 1964 1964 2058 2058 1695 1695 1976 1976 1907 1907 1904 1904 1609 1609 1666 1666 1914 1914 1938 1938 1812 1812 1673 1673 1769 1769 1733 1733 1750 1750 1467 1467 925 925 1509 1509
2246 2246 2449 2449 2476 2476 2575 2575 2416 2416 2170 2170 1972 1972 1803 1803 1686 1686 1491 1491 1481 1481 1583 1583 1924 1924 2304 2304 2369 2369 2709 2709 2343 2343 2047 2047 1874 1874 1578 1578 1206 1206 1385 1385 1611 1611 1727 1727 1821 1821 1964 1964 2058 2058 1695 1695 1976 1976 1907 1907 1904 1904 1609 1609 1666 1666 1914 1914 1938 1938 1812 1812 1673 1673 1769 1769 1733 1733 1750 1750 1467 1467 925 925 1509 1509
2290 2290 2174 2174 2375 2375 2722 2722 2758 2758 2475 2475 2252 2252 2100 2100 1851 1851 1758 1758 1911 1911 1847 1847 2212 2212 2581 2581 2559 2559 2694 2694 2494 2494 2106 2106 1704 1704 1488 1488 1270 1270 1799 1799 2009 2009 2103 2103 2125 2125 2317 2317 2380 2380 1951 1951 2354 2354 2376 2376 2257 2257 1651 1651 2099 2099 2293 2293 2153 2153 2182 2182 2261 2261 2207 2207 1992 1992 1668 1668 1182 1182 1157 1157 1796 1796
2290 2290 2174 2174 2375 2375 2722 2722 2758 2758 2475 2475 2252 2252 2100 2100 1851 1851 1758 1758 1911 1911 1847 1847 2212 2212 2581 2581 2559 2559 2694 2694 2494 2494 2106 2106 1704 1704 1488 1488 1270 1270 1799 1799 2009 2009 2103 2103 2125 2125 2317 2317 2380 2380 1951 1951 2354 2354 2376 2376 2257 2257 1651 1651 2099 2099 2293 2293 2153 2153 2182 2182 2261 2261 2207 2207 1992 1992 1668 1668 1182 1182 1157 1157 1796 1796
2707 2707 2463 2463 2174 2174 2322 2322 2631 2631 2681 2681 2447 2447 2040 2040 1918 1918 2226 2226 2449 2449 2189 2189 2059 2059 2432 2432 2689 2689 2779 2779 2397 2397 2066 2066 1870 1870 1500 1500 1324 1324 1959 1959 2347 2347 2496 2496 2481 2481 2506 2506 2449 2449 2291 2291 2689 2689 2572 2572 2180 2180 1741 1741 2182 2182 2742 2742 2519 2519 2606 2606 2237 2237 1762 1762 1567 1567 1226 1226 1233 1233 1549 1549 1644 1644
2707 2707 2463 2463 2174 2174 2322 2322 2631 2631 2681 2681 2447 2447 2040 2040 1918 1918 2226 2226 2449 2449 2189 2189 2059 2059 2432 2432 2689 2689 2779 2779 2397 2397 2066 2066 1870 1870 1500 1500 1324 1324 1959 1959 2347 2347 2496 2496 2481 2481 2506 2506 2449 2449 2291 2291 2689 2689 2572 2572 2180 2180 1741 1741 2182 2182 2742 2742 2519 2519 2606 2606 2237 2237 1762 1762 1567 1567 1226 1226 1233 1233 1549 1549 1644 1644
2985 2985 2611 2611 2302 2302 2257 2257 2257 2257 2271 2271 2179 2179 2311 2311 2281 2281 2715 2715 2649 2649 2297 2297 2330 2330 2456 2456 2588 2588 2539 2539 2264 2264 2054 2054 1501 1501 1623 1623 1663 1663 1627 1627 2166 2166 2675 2675 2920 2920 2912 2912 3105 3105 2913 2913 2977 2977 2551 2551 1977 1977 2091 2091 2586 2586 2908 2908 2709 2709 2444 2444 2093 2093 1685 1685 1309 1309 1407 1407 1741 1741 1865 1865 2118 2118
2985 2985 2611 2611 2302 2302 2257 2257 2257 2257 2271 2271 2179 2179 2311 2311 2281 2281 2715 2715 2649 2649 2297 2297 2330 2330 2456 2456 2588 2588 2539 2539 2264 2264 2054 2054 1501 1501 1623 1623 1663 1663 1627 1627 2166 2166 2675 2675 2920 2920 2912 2912 3105 3105 2913 2913 2977 2977 2551 2551 1977 1977 2091 2091 2586 2586 2908 2908 2709 2709 2444 2444 2093 2093 1685 1685 1309 1309 1407 1407 1741 1741 1865 1865 2118 2118
2828 2828 2737 2737 2406 2406 2624 2624 2501 2501 2500 2500 2505 2505 2553 2553 2470 2470 2743 2743 2737 2737 2324 2324 2507 2507 2638 2638 2648 2648 2704 2704 2258 2258 1743 1743 1666 1666 2172 2172 2169 2169 1638 1638 2044 2044 2302 2302 2583 2583 2805 2805 2965 2965 3000 3000 3007 3007 2559 2559 2082 2082 2356 2356 2736 2736 2980 2980 2754 2754 2564 2564 2221 2221 1736 1736 1309 1309 1785 1785 2216 2216 2414 2414 2610 2610
2828 2828 2737 2737 2406 2406 2624 2624 2501 2501 2500 2500 2505 2505 2553 2553 2470 2470 2743 2743 2737 2737 2324 2324 2507 2507 2638 2638 2648 2648 2704 2704 2258 2258 1743 1743 1666 1666 2172 2172 2169 2169 1638 1638 2044 2044 2302 2302 2583 2583 2805 2805 2965 2965 3000 3000 3007 3007 2559 2559 2082 2082 2356 2356 2736 2736 2980 2980 2754 2754 2564 2564 2221 2221 1736 1736 1309 1309 1785 1785 2216 2216 2414 2414 2610 2610
2662 2662 2799 2799 2716 2716 2782 2782 2580 2580 2745 2745 2675 2675 2729 2729 2634 2634 2825 2825 2873 2873 2493 2493 2520 2520 2709 2709 2733 2733 2540 2540 2101 2101 1666 1666 1881 1881 2434 2434 2342 2342 1762 1762 2045 2045 2553 2553 2871 2871 2834 2834 2771 2771 2988 2988 3233 3233 2728 2728 2528 2528 2868 2868 3034 3034 2701 2701 2584 2584 2184 2184 1992 1992 1685 1685 1516 1516 2047 2047 2319 2319 2490 2490 2895 2895
2662 2662 2799 2799 2716 2716 2782 2782 2580 2580 2745 2745 2675 2675 2729 2729 2634 2634 2825 2825 2873 2873 2493 2493 2520 2520 2709 2709 2733 2733 2540 2540 2101 2101 1666 1666 1881 1881 2434 2434 2342 2342 1762 1762 2045 2045 2553 2553 2871 2871 2834 2834 2771 2771 2988 2988 3233 3233 2728 2728 2528 2528 2868 2868 3034 3034 2701 2701 2584 2584 2184 2184 1992 1992 1685 1685 1516 1516 2047 2047 2319 2319 2490 2490 2895 2895
2366 2366 2672 2672 2790 2790 2652 2652 2901 2901 2507 2507 2449 2449 2612 2612 2774 2774 2756 2756 2509 2509 2515 2515 2493 2493 2863 2863 2820 2820 2521 2521 2032 2032 1666 1666 2156 2156 2492 2492 2539 2539 1914 1914 1982 1982 2363 2363 2675 2675 2427 2427 2884 2884 3302 3302 3234 3234 3061 3061 3011 3011 3027 3027 2933 2933 2624 2624 2318 2318 1936 1936 1643 1643 1557 1557 1955 1955 2397 2397 2769 2769 2698 2698 2878 2878
2366 2366 2672 2672 2790 2790 2652 2652 2901 2901 2507 2507 2449 2449 2612 2612 2774 2774 2756 2756 2509 2509 2515 2515 2493 2493 2863 2863 2820 2820 2521 2521 2032 2032 1666 1666 2156 2156 2492 2492 2539 2539 1914 1914 1982 1982 2363 2363 2675 2675 2427 2427 2884 2884 3302 3302 3234 3234 3061 3061 3011 3011 3027 3027 2933 2933 2624 2624 2318 2318 1936 1936 1643 1643 1557 1557 1955 1955 2397 2397 2769 2769 2698 2698 2878 2878
1933 1933 2059 2059 2318 2318 2511 2511 2664 2664 2272 2272 2661 2661 2746 2746 2787 2787 2516 2516 2470 2470 2596 2596 2606 2606 2769 2769 2415 2415 2232 2232 1928 1928 1689 1689 2314 2314 2612 2612 2616 2616 2166 2166 1914 1914 2007 2007 2164 2164 2457 2457 2973 2973 3167 3167 3247 3247 3268 3268 3119 3119 3052 3052 2614 2614 2411 2411 2022 2022 1643 1643 1925 1925 2150 2150 2402 2402 2276 2276 2782 2782 2919 2919 2784 2784
1933 1933 2059 2059 2318 2318 2511 2511 2664 2664 2272 2272 2661 2661 2746 2746 2787 2787 2516 2516 2470 2470 2596 2596 2606 2606 2769 2769 2415 2415 2232 2232 1928 1928 1689 1689 2314 2314 2612 2612 2616 2616 2166 2166 1914 1914 2007 2007 2164 2164 2457 2457 2973 2973 3167 3167 3247 3247 3268 3268 3119 3119 3052 3052 2614 2614 2411 2411 2022 2022 1643 1643 1925 1925 2150 2150 2402 2402 2276 2276 2782 2782 2919 2919 2784 2784
