3D/Venosta_3D/input_maps500/pit.asc
ncols 126 
nrows 96 
xllcorner 598000 
yllcorner 5145000 
cellsize 500 
NODATA_value -9999 
[rows 0 to 38 of 96, columns 0 to 85 of 126]
2132 2132 2181 2181 2064 2064 1848 1848 2142 2142 2389 2389 2614 2614 2251 2251 2146 2146 1939 1939 1605 1605 1492 1492 1237 1237 1389 1389 1678 1678 1633 1633 1456 1456 1503 1503 1706 1706 1905 1905 2082 2082 2263 2263 2615 2615 2442 2442 2617 2617 2868 2868 2669 2669 2689 2689 2900 2900 2928 2928 2753 2753 2646 2646 2514 2514 2703 2703 2402 2402 2400 2400 2619 2619 2951 2951 3224 3224 3050 3050 2889 2889 2999 2999 3265 3265
2132 2132 2181 2181 2064 2064 1848 1848 2142 2142 2389 2389 2614 2614 2251 2251 2146 2146 1939 1939 1605 1605 1492 1492 1237 1237 1389 1389 1678 1678 1633 1633 1456 1456 1503 1503 1706 1706 1905 1905 2082 2082 2263 2263 2615 2615 2442 2442 2617 2617 2868 2868 2669 2669 2689 2689 2900 2900 2928 2928 2753 2753 2646 2646 2514 2514 2703 2703 2402 2402 2400 2400 2619 2619 2951 2951 3224 3224 3050 3050 2889 2889 2999 2999 3265 3265
2128 2128 2033 2033 1902 1902 1726 1726 2034 2034 2404 2404 2687 2687 2236 2236 1807 1807 1697 1697 1400 1400 1237 1237 1282 1282 1626 1626 1810 1810 1867 1867 1648 1648 1562 1562 1888 1888 2118 2118 2405 2405 2399 2399 2525 2525 2662 2662 2671 2671 2872 2872 2786 2786 2830 2830 2738 2738 2675 2675 2811 2811 2921 2921 2757 2757 2775 2775 2688 2688 2846 2846 2867 2867 2917 2917 3240 3240 3120 3120 2866 2866 2805 2805 3105 3105
2128 2128 2033 2033 1902 1902 1726 1726 2034 2034 2404 2404 2687 2687 2236 2236 1807 1807 1697 1697 1400 1400 1237 1237 1282 1282 1626 1626 1810 1810 1867 1867 1648 1648 1562 1562 1888 1888 2118 2118 2405 2405 2399 2399 2525 2525 2662 2662 2671 2671 2872 2872 2786 2786 2830 2830 2738 2738 2675 2675 2811 2811 2921 2921 2757 2757 2775 2775 2688 2688 2846 2846 2867 2867 2917 2917 3240 3240 3120 3120 2866 2866 2805 2805 3105 3105
2442 2442 2432 2432 2229 2229 1693 1693 2058 2058 2367 2367 2361 2361 2055 2055 1690 1690 1429 1429 1237 1237 1295 1295 1677 1677 1964 1964 2100 2100 1866 1866 1560 1560 1636 1636 1989 1989 2317 2317 2397 2397 2631 2631 2583 2583 2800 2800 2666 2666 2620 2620 2533 2533 2634 2634 2502 2502 2522 2522 2866 2866 2980 2980 2967 2967 3161 3161 3044 3044 2976 2976 2950 2950 3205 3205 3286 3286 3040 3040 2876 2876 2615 2615 2723 2723
2442 2442 2432 2432 2229 2229 1693 1693 2058 2058 2367 2367 2361 2361 2055 2055 1690 1690 1429 1429 1237 1237 1295 1295 1677 1677 1964 1964 2100 2100 1866 1866 1560 1560 1636 1636 1989 1989 2317 2317 2397 2397 2631 2631 2583 2583 2800 2800 2666 2666 2620 2620 2533 2533 2634 2634 2502 2502 2522 2522 2866 2866 2980 2980 2967 2967 3161 3161 3044 3044 2976 2976 2950 2950 3205 3205 3286 3286 3040 3040 2876 2876 2615 2615 2723 2723
2783 2783 2530 2530 2030 2030 1678 1678 1715 1715 1893 1893 2001 2001 1819 1819 1647 1647 1321 1321 1237 1237 1693 1693 1963 1963 2473 2473 2421 2421 1900 1900 1560 1560 1798 1798 2057 2057 2433 2433 2704 2704 2677 2677 2737 2737 2636 2636 2440 2440 2367 2367 2230 2230 2260 2260 2252 2252 2530 2530 2869 2869 2940 2940 3336 3336 3306 3306 3137 3137 3061 3061 3103 3103 3235 3235 3163 3163 3066 3066 2891 2891 2831 2831 2468 2468
2783 2783 2530 2530 2030 2030 1678 1678 1715 1715 1893 1893 2001 2001 1819 1819 1647 1647 1321 1321 1237 1237 1693 1693 1963 1963 2473 2473 2421 2421 1900 1900 1560 1560 1798 1798 2057 2057 2433 2433 2704 2704 2677 2677 2737 2737 2636 2636 2440 2440 2367 2367 2230 2230 2260 2260 2252 2252 2530 2530 2869 2869 2940 2940 3336 3336 3306 3306 3137 3137 3061 3061 3103 3103 3235 3235 3163 3163 3066 3066 2891 2891 2831 2831 2468 2468
2488 2488 2498 2498 2373 2373 1812 1812 1501 1501 1454 1454 1595 1595 1510 1510 1483 1483 1237 1237 1294 1294 1971 1971 2422 2422 2620 2620 2406 2406 2024 2024 1560 1560 1761 1761 2042 2042 2623 2623 2755 2755 2617 2617 2493 2493 2358 2358 2132 2132 1921 1921 1921 1921 1941 1941 1941 1941 2322 2322 2585 2585 2819 2819 2980 2980 3323 3323 3217 3217 3165 3165 3208 3208 3279 3279 3151 3151 2936 2936 2864 2864 2850 2850 2426 2426
2488 2488 2498 2498 2373 2373 1812 1812 1501 1501 1454 1454 1595 1595 1510 1510 1483 1483 1237 1237 1294 1294 1971 1971 2422 2422 2620 2620 2406 2406 2024 2024 1560 1560 1761 1761 2042 2042 2623 2623 2755 2755 2617 2617 2493 2493 2358 2358 2132 2132 1921 1921 1921 1921 1941 1941 1941 1941 2322 2322 2585 2585 2819 2819 2980 2980 3323 3323 3217 3217 3165 3165 3208 3208 3279 3279 3151 3151 2936 2936 2864 2864 2850 2850 2426 2426
2365 2365 2153 2153 2114 2114 2040 2040 1871 1871 1579 1579 1255 1255 1157 1157 1157 1157 1260 1260 1737 1737 2169 2169 2595 2595 2586 2586 2245 2245 1936 1936 1630 1630 1538 1538 1769 1769 2175 2175 2554 2554 2415 2415 2329 2329 2014 2014 1811 1811 2077 2077 2290 2290 2334 2334 2224 2224 2013 2013 2263 2263 2551 2551 2585 2585 2790 2790 3056 3056 3204 3204 3339 3339 3216 3216 2958 2958 2691 2691 2461 2461 2426 2426 2426 2426
2365 2365 2153 2153 2114 2114 2040 2040 1871 1871 1579 1579 1255 1255 1157 1157 1157 1157 1260 1260 1737 1737 2169 2169 2595 2595 2586 2586 2245 2245 1936 1936 1630 1630 1538 1538 1769 1769 2175 2175 2554 2554 2415 2415 2329 2329 2014 2014 1811 1811 2077 2077 2290 2290 2334 2334 2224 2224 2013 2013 2263 2263 2551 2551 2585 2585 2790 2790 3056 3056 3204 3204 3339 3339 3216 3216 2958 2958 2691 2691 2461 2461 2426 2426 2426 2426
2096 2096 1992 1992 1777 1777 1635 1635 1538 1538 1341 1341 1155 1155 1327 1327 1657 1657 1796 1796 1790 1790 2171 2171 2461 2461 2568 2568 2259 2259 1847 1847 1655 1655 1538 1538 1571 1571 2116 2116 2113 2113 2109 2109 1904 1904 1783 1783 2103 2103 2426 2426 2659 2659 2529 2529 2571 2571 2393 2393 2204 2204 2364 2364 2632 2632 2745 2745 2844 2844 3245 3245 3183 3183 2895 2895 2631 2631 2631 2631 2762 2762 2541 2541 2757 2757
2096 2096 1992 1992 1777 1777 1635 1635 1538 1538 1341 1341 1155 1155 1327 1327 1657 1657 1796 1796 1790 1790 2171 2171 2461 2461 2568 2568 2259 2259 1847 1847 1655 1655 1538 1538 1571 1571 2116 2116 2113 2113 2109 2109 1904 1904 1783 1783 2103 2103 2426 2426 2659 2659 2529 2529 2571 2571 2393 2393 2204 2204 2364 2364 2632 2632 2745 2745 2844 2844 3245 3245 3183 3183 2895 2895 2631 2631 2631 2631 2762 2762 2541 2541 2757 2757
1772 1772 1670 1670 1535 1535 1359 1359 1270 1270 1155 1155 1303 1303 1765 1765 2183 2183 2279 2279 2004 2004 2261 2261 2542 2542 2472 2472 2152 2152 1894 1894 1889 1889 1586 1586 1538 1538 1612 1612 1652 1652 1663 1663 1783 1783 1944 1944 2105 2105 2363 2363 2760 2760 2733 2733 2904 2904 2694 2694 2540 2540 2772 2772 2925 2925 3138 3138 3083 3083 3232 3232 2968 2968 2708 2708 2809 2809 2989 2989 2704 2704 2715 2715 2954 2954
1772 1772 1670 1670 1535 1535 1359 1359 1270 1270 1155 1155 1303 1303 1765 1765 2183 2183 2279 2279 2004 2004 2261 2261 2542 2542 2472 2472 2152 2152 1894 1894 1889 1889 1586 1586 1538 1538 1612 1612 1652 1652 1663 1663 1783 1783 1944 1944 2105 2105 2363 2363 2760 2760 2733 2733 2904 2904 2694 2694 2540 2540 2772 2772 2925 2925 3138 3138 3083 3083 3232 3232 2968 2968 2708 2708 2809 2809 2989 2989 2704 2704 2715 2715 2954 2954
1495 1495 1416 1416 1251 1251 1251 1251 1251 1251 1561 1561 1501 1501 1668 1668 2194 2194 2738 2738 2409 2409 2488 2488 2610 2610 2324 2324 1978 1978 2137 2137 2049 2049 1734 1734 1538 1538 1569 1569 1833 1833 2205 2205 2135 2135 2312 2312 2322 2322 2427 2427 2584 2584 2951 2951 2972 2972 3020 3020 2857 2857 3206 3206 3250 3250 3501 3501 3284 3284 3167 3167 2885 2885 2899 2899 3158 3158 2953 2953 2704 2704 2887 2887 3085 3085
1495 1495 1416 1416 1251 1251 1251 1251 1251 1251 1561 1561 1501 1501 1668 1668 2194 2194 2738 2738 2409 2409 2488 2488 2610 2610 2324 2324 1978 1978 2137 2137 2049 2049 1734 1734 1538 1538 1569 1569 1833 1833 2205 2205 2135 2135 2312 2312 2322 2322 2427 2427 2584 2584 2951 2951 2972 2972 3020 3020 2857 2857 3206 3206 3250 3250 3501 3501 3284 3284 3167 3167 2885 2885 2899 2899 3158 3158 2953 2953 2704 2704 2887 2887 3085 3085
1282 1282 1251 1251 1276 1276 1439 1439 1690 1690 1865 1865 2106 2106 1536 1536 2096 2096 2666 2666 2719 2719 2601 2601 2446 2446 2095 2095 2151 2151 2353 2353 2219 2219 1836 1836 1538 1538 1560 1560 2052 2052 2540 2540 2448 2448 2583 2583 2312 2312 2756 2756 2567 2567 2915 2915 2663 2663 2975 2975 3202 3202 3018 3018 2961 2961 3410 3410 3260 3260 3048 3048 3028 3028 3084 3084 3029 3029 2816 2816 2814 2814 3088 3088 3218 3218
1282 1282 1251 1251 1276 1276 1439 1439 1690 1690 1865 1865 2106 2106 1536 1536 2096 2096 2666 2666 2719 2719 2601 2601 2446 2446 2095 2095 2151 2151 2353 2353 2219 2219 1836 1836 1538 1538 1560 1560 2052 2052 2540 2540 2448 2448 2583 2583 2312 2312 2756 2756 2567 2567 2915 2915 2663 2663 2975 2975 3202 3202 3018 3018 2961 2961 3410 3410 3260 3260 3048 3048 3028 3028 3084 3084 3029 3029 2816 2816 2814 2814 3088 3088 3218 3218
1273 1273 1421 1421 1519 1519 1746 1746 2086 2086 2389 2389 2054 2054 1610 1610 1736 1736 2074 2074 2623 2623 2578 2578 2303 2303 2101 2101 2478 2478 2537 2537 2441 2441 1956 1956 1538 1538 1538 1538 1985 1985 2243 2243 2524 2524 2728 2728 2404 2404 2645 2645 2944 2944 2769 2769 2616 2616 3192 3192 3051 3051 2635 2635 2874 2874 3164 3164 3058 3058 2835 2835 2905 2905 2769 2769 2725 2725 2885 2885 3050 3050 3324 3324 3166 3166
1273 1273 1421 1421 1519 1519 1746 1746 2086 2086 2389 2389 2054 2054 1610 1610 1736 1736 2074 2074 2623 2623 2578 2578 2303 2303 2101 2101 2478 2478 2537 2537 2441 2441 1956 1956 1538 1538 1538 1538 1985 1985 2243 2243 2524 2524 2728 2728 2404 2404 2645 2645 2944 2944 2769 2769 2616 2616 3192 3192 3051 3051 2635 2635 2874 2874 3164 3164 3058 3058 2835 2835 2905 2905 2769 2769 2725 2725 2885 2885 3050 3050 3324 3324 3166 3166
1437 1437 1640 1640 1838 1838 2174 2174 2348 2348 2544 2544 2024 2024 1985 1985 1896 1896 1815 1815 2204 2204 2643 2643 2448 2448 2271 2271 2509 2509 2769 2769 2394 2394 1914 1914 1538 1538 1562 1562 1832 1832 2263 2263 2529 2529 2713 2713 2511 2511 2762 2762 2828 2828 2616 2616 2624 2624 3162 3162 2767 2767 2464 2464 2957 2957 3047 3047 3156 3156 2754 2754 2506 2506 2527 2527 2751 2751 3113 3113 3122 3122 3179 3179 2791 2791
1437 1437 1640 1640 1838 1838 2174 2174 2348 2348 2544 2544 2024 2024 1985 1985 1896 1896 1815 1815 2204 2204 2643 2643 2448 2448 2271 2271 2509 2509 2769 2769 2394 2394 1914 1914 1538 1538 1562 1562 1832 1832 2263 2263 2529 2529 2713 2713 2511 2511 2762 2762 2828 2828 2616 2616 2624 2624 3162 3162 2767 2767 2464 2464 2957 2957 3047 3047 3156 3156 2754 2754 2506 2506 2527 2527 2751 2751 3113 3113 3122 3122 3179 3179 2791 2791
1473 1473 1934 1934 2384 2384 2343 2343 2904 2904 2889 2889 2174 2174 2128 2128 2592 2592 2127 2127 2298 2298 2664 2664 2684 2684 2334 2334 2558 2558 2648 2648 2307 2307 1879 1879 1552 1552 1538 1538 1796 1796 2129 2129 2530 2530 2669 2669 2764 2764 2807 2807 2427 2427 2337 2337 2820 2820 3115 3115 2880 2880 2448 2448 2581 2581 3011 3011 2964 2964 2550 2550 2271 2271 2200 2200 2416 2416 2877 2877 2711 2711 2918 2918 2576 2576
1473 1473 1934 1934 2384 2384 2343 2343 2904 2904 2889 2889 2174 2174 2128 2128 2592 2592 2127 2127 2298 2298 2664 2664 2684 2684 2334 2334 2558 2558 2648 2648 2307 2307 1879 1879 1552 1552 1538 1538 1796 1796 2129 2129 2530 2530 2669 2669 2764 2764 2807 2807 2427 2427 2337 2337 2820 2820 3115 3115 2880 2880 2448 2448 2581 2581 3011 3011 2964 2964 2550 2550 2271 2271 2200 2200 2416 2416 2877 2877 2711 2711 2918 2918 2576 2576
1788 1788 1779 1779 2425 2425 2821 2821 2731 2731 2913 2913 2803 2803 2627 2627 2600 2600 2406 2406 2439 2439 2594 2594 2589 2589 2486 2486 2671 2671 2646 2646 2337 2337 1954 1954 1522 1522 1497 1497 1808 1808 2054 2054 2110 2110 2375 2375 2711 2711 2490 2490 2215 2215 2620 2620 2833 2833 2954 2954 2798 2798 2432 2432 2579 2579 2878 2878 2947 2947 2688 2688 2412 2412 2170 2170 2069 2069 2617 2617 2491 2491 2572 2572 2312 2312
1788 1788 1779 1779 2425 2425 2821 2821 2731 2731 2913 2913 2803 2803 2627 2627 2600 2600 2406 2406 2439 2439 2594 2594 2589 2589 2486 2486 2671 2671 2646 2646 2337 2337 1954 1954 1522 1522 1497 1497 1808 1808 2054 2054 2110 2110 2375 2375 2711 2711 2490 2490 2215 2215 2620 2620 2833 2833 2954 2954 2798 2798 2432 2432 2579 2579 2878 2878 2947 2947 2688 2688 2412 2412 2170 2170 2069 2069 2617 2617 2491 2491 2572 2572 2312 2312
2157 2157 1807 1807 2265 2265 2552 2552 2888 2888 2908 2908 2808 2808 2785 2785 2612 2612 2361 2361 2344 2344 2639 2639 2805 2805 2591 2591 2414 2414 2399 2399 2199 2199 1947 1947 1547 1547 1497 1497 1726 1726 1909 1909 2046 2046 2518 2518 2492 2492 2162 2162 2305 2305 2856 2856 2905 2905 2714 2714 2435 2435 2243 2243 2386 2386 2858 2858 3134 3134 2757 2757 2724 2724 2353 2353 1954 1954 2280 2280 2360 2360 2088 2088 1989 1989
2157 2157 1807 1807 2265 2265 2552 2552 2888 2888 2908 2908 2808 2808 2785 2785 2612 2612 2361 2361 2344 2344 2639 2639 2805 2805 2591 2591 2414 2414 2399 2399 2199 2199 1947 1947 1547 1547 1497 1497 1726 1726 1909 1909 2046 2046 2518 2518 2492 2492 2162 2162 2305 2305 2856 2856 2905 2905 2714 2714 2435 2435 2243 2243 2386 2386 2858 2858 3134 3134 2757 2757 2724 2724 2353 2353 1954 1954 2280 2280 2360 2360 2088 2088 1989 1989
2276 2276 1807 1807 2166 2166 2647 2647 2819 2819 2681 2681 2785 2785 2854 2854 2730 2730 2640 2640 2332 2332 2440 2440 2670 2670 2680 2680 2484 2484 2140 2140 2140 2140 2151 2151 1625 1625 1497 1497 1607 1607 1739 1739 2281 2281 2303 2303 2117 2117 2069 2069 2540 2540 2819 2819 2598 2598 2476 2476 2133 2133 2134 2134 2459 2459 2860 2860 3286 3286 2886 2886 2577 2577 2398 2398 2119 2119 1870 1870 1870 1870 1708 1708 1707 1707
2276 2276 1807 1807 2166 2166 2647 2647 2819 2819 2681 2681 2785 2785 2854 2854 2730 2730 2640 2640 2332 2332 2440 2440 2670 2670 2680 2680 2484 2484 2140 2140 2140 2140 2151 2151 1625 1625 1497 1497 1607 1607 1739 1739 2281 2281 2303 2303 2117 2117 2069 2069 2540 2540 2819 2819 2598 2598 2476 2476 2133 2133 2134 2134 2459 2459 2860 2860 3286 3286 2886 2886 2577 2577 2398 2398 2119 2119 1870 1870 1870 1870 1708 1708 1707 1707
2218 2218 1807 1807 2028 2028 2400 2400 2397 2397 2154 2154 2538 2538 2777 2777 2901 2901 2759 2759 2491 2491 2324 2324 2225 2225 2539 2539 2315 2315 2296 2296 2413 2413 2107 2107 1578 1578 1452 1452 1538 1538 1927 1927 1940 1940 1887 1887 1924 1924 2371 2371 2711 2711 2462 2462 2168 2168 2030 2030 1888 1888 2402 2402 2824 2824 3153 3153 3156 3156 2900 2900 2532 2532 2490 2490 2427 2427 2174 2174 1981 1981 2202 2202 2221 2221
2218 2218 1807 1807 2028 2028 2400 2400 2397 2397 2154 2154 2538 2538 2777 2777 2901 2901 2759 2759 2491 2491 2324 2324 2225 2225 2539 2539 2315 2315 2296 2296 2413 2413 2107 2107 1578 1578 1452 1452 1538 1538 1927 1927 1940 1940 1887 1887 1924 1924 2371 2371 2711 2711 2462 2462 2168 2168 2030 2030 1888 1888 2402 2402 2824 2824 3153 3153 3156 3156 2900 2900 2532 2532 2490 2490 2427 2427 2174 2174 1981 1981 2202 2202 2221 2221
1993 1993 1807 1807 1838 1838 2175 2175 2034 2034 2250 2250 2336 2336 2415 2415 2469 2469 2745 2745 2743 2743 2497 2497 1946 1946 2152 2152 2362 2362 2481 2481 2284 2284 1910 1910 1446 1446 1371 1371 1405 1405 1559 1559 1637 1637 1947 1947 2319 2319 2534 2534 2307 2307 2084 2084 1769 1769 1847 1847 2049 2049 2460 2460 2688 2688 3013 3013 2852 2852 2938 2938 2848 2848 2635 2635 2747 2747 2381 2381 2372 2372 2573 2573 2310 2310
1993 1993 1807 1807 1838 1838 2175 2175 2034 2034 2250 2250 2336 2336 2415 2415 2469 2469 2745 2745 2743 2743 2497 2497 1946 1946 2152 2152 2362 2362 2481 2481 2284 2284 1910 1910 1446 1446 1371 1371 1405 1405 1559 1559 1637 1637 1947 1947 2319 2319 2534 2534 2307 2307 2084 2084 1769 1769 1847 1847 2049 2049 2460 2460 2688 2688 3013 3013 2852 2852 2938 2938 2848 2848 2635 2635 2747 2747 2381 2381 2372 2372 2573 2573 2310 2310
1938 1938 2032 2032 2038 2038 1867 1867 1977 1977 2409 2409 2673 2673 2809 2809 2735 2735 2795 2795 2788 2788 2433 2433 2133 2133 1849 1849 2032 2032 2254 2254 2105 2105 1673 1673 1293 1293 1279 1279 1346 1346 1643 1643 2047 2047 2190 2190 2489 2489 2149 2149 1892 1892 1692 1692 2070 2070 2369 2369 2438 2438 2328 2328 2859 2859 2926 2926 2629 2629 2442 2442 2526 2526 2436 2436 2850 2850 2779 2779 2839 2839 2461 2461 1992 1992
1938 1938 2032 2032 2038 2038 1867 1867 1977 1977 2409 2409 2673 2673 2809 2809 2735 2735 2795 2795 2788 2788 2433 2433 2133 2133 1849 1849 2032 2032 2254 2254 2105 2105 1673 1673 1293 1293 1279 1279 1346 1346 1643 1643 2047 2047 2190 2190 2489 2489 2149 2149 1892 1892 1692 1692 2070 2070 2369 2369 2438 2438 2328 2328 2859 2859 2926 2926 2629 2629 2442 2442 2526 2526 2436 2436 2850 2850 2779 2779 2839 2839 2461 2461 1992 1992
2313 2313 2216 2216 2033 2033 2288 2288 2149 2149 2061 2061 2435 2435 2682 2682 2880 2880 3020 3020 2770 2770 2578 2578 2409 2409 2038 2038 1718 1718 1887 1887 1926 1926 1596 1596 1194 1194 1189 1189 1536 1536 1849 1849 2111 2111 2343 2343 2199 2199 1809 1809 1583 1583 1895 1895 2311 2311 2768 2768 2744 2744 2468 2468 2702 2702 3046 3046 2803 2803 2365 2365 2153 2153 2251 2251 2639 2639 2946 2946 2768 2768 2364 2364 2328 2328
