3D/Venosta_3D/input_maps500/slope.asc
ncols         126
nrows         96
xllcorner     598000.000000
yllcorner     5145000.000000
cellsize      500.000000
NODATA_value  -9999.0
[rows 27 to 53 of 96, columns 0 to 59 of 126]
-9999.0 -9999.0 -9999.0 -9999.0 -9999.0 -9999.0 -9999.0 -9999.0 -9999.0 -9999.0 -9999.0 -9999.0 -9999.0 -9999.0 -9999.0 -9999.0 -9999.0 -9999.0 -9999.0 -9999.0 -9999.0 -9999.0 -9999.0 -9999.0 12.570000 12.570000 12.700000 12.700000 17.560000 17.560000 11.760000 11.760000 20.430000 20.430000 22.500000 22.500000 12.960000 12.960000 17.260000 17.260000 16.160000 16.160000 10.600000 10.600000 16.200000 16.200000 22.820000 22.820000 19.950000 19.950000 22.150000 22.150000 24.550000 24.550000 21.970000 21.970000 9.790000 9.790000 14.260000 14.260000
-9999.0 -9999.0 -9999.0 -9999.0 -9999.0 -9999.0 -9999.0 -9999.0 -9999.0 -9999.0 -9999.0 -9999.0 -9999.0 -9999.0 -9999.0 -9999.0 -9999.0 -9999.0 -9999.0 -9999.0 -9999.0 -9999.0 16.950000 16.950000 16.930000 16.930000 12.320000 12.320000 15.320000 15.320000 15.370000 15.370000 13.840000 13.840000 21.010000 21.010000 12.980000 12.980000 12.870000 12.870000 12.900000 12.900000 12.640000 12.640000 21.060000 21.060000 27.440000 27.440000 19.100000 19.100000 21.400000 21.400000 20.970000 20.970000 20.900000 20.900000 19.870000 19.870000 18.540000 18.540000
-9999.0 -9999.0 -9999.0 -9999.0 -9999.0 -9999.0 -9999.0 -9999.0 -9999.0 -9999.0 -9999.0 -9999.0 -9999.0 -9999.0 -9999.0 -9999.0 -9999.0 -9999.0 -9999.0 -9999.0 -9999.0 -9999.0 16.950000 16.950000 16.930000 16.930000 12.320000 12.320000 15.320000 15.320000 15.370000 15.370000 13.840000 13.840000 21.010000 21.010000 12.980000 12.980000 12.870000 12.870000 12.900000 12.900000 12.640000 12.640000 21.060000 21.060000 27.440000 27.440000 19.100000 19.100000 21.400000 21.400000 20.970000 20.970000 20.900000 20.900000 19.870000 19.870000 18.540000 18.540000
-9999.0 -9999.0 -9999.0 -9999.0 -9999.0 -9999.0 -9999.0 -9999.0 -9999.0 -9999.0 -9999.0 -9999.0 -9999.0 -9999.0 -9999.0 -9999.0 -9999.0 -9999.0 -9999.0 -9999.0 19.150000 19.150000 13.010000 13.010000 17.420000 17.420000 13.600000 13.600000 17.680000 17.680000 17.270000 17.270000 15.280000 15.280000 29.430000 29.430000 18.550000 18.550000 7.360000 7.360000 8.710000 8.710000 21.110000 21.110000 23.890000 23.890000 20.110000 20.110000 17.090000 17.090000 29.210000 29.210000 23.070000 23.070000 18.830000 18.830000 22.110000 22.110000 22.470000 22.470000
-9999.0 -9999.0 -9999.0 -9999.0 -9999.0 -9999.0 -9999.0 -9999.0 -9999.0 -9999.0 -9999.0 -9999.0 -9999.0 -9999.0 -9999.0 -9999.0 -9999.0 -9999.0 -9999.0 -9999.0 19.150000 19.150000 13.010000 13.010000 17.420000 17.420000 13.600000 13.600000 17.680000 17.680000 17.270000 17.270000 15.280000 15.280000 29.430000 29.430000 18.550000 18.550000 7.360000 7.360000 8.710000 8.710000 21.110000 21.110000 23.890000 23.890000 20.110000 20.110000 17.090000 17.090000 29.210000 29.210000 23.070000 23.070000 18.830000 18.830000 22.110000 22.110000 22.470000 22.470000
-9999.0 -9999.0 -9999.0 -9999.0 -9999.0 -9999.0 -9999.0 -9999.0 -9999.0 -9999.0 -9999.0 -9999.0 -9999.0 -9999.0 -9999.0 -9999.0 -9999.0 -9999.0 13.310000 13.310000 16.640000 16.640000 12.300000 12.300000 25.580000 25.580000 22.300000 22.300000 11.770000 11.770000 11.690000 11.690000 22.310000 22.310000 23.490000 23.490000 18.750000 18.750000 8.010000 8.010000 14.460000 14.460000 22.740000 22.740000 18.090000 18.090000 22.750000 22.750000 24.880000 24.880000 24.560000 24.560000 27.830000 27.830000 24.550000 24.550000 25.060000 25.060000 18.990000 18.990000
-9999.0 -9999.0 -9999.0 -9999.0 -9999.0 -9999.0 -9999.0 -9999.0 -9999.0 -9999.0 -9999.0 -9999.0 -9999.0 -9999.0 -9999.0 -9999.0 -9999.0 -9999.0 13.310000 13.310000 16.640000 16.640000 12.300000 12.300000 25.580000 25.580000 22.300000 22.300000 11.770000 11.770000 11.690000 11.690000 22.310000 22.310000 23.490000 23.490000 18.750000 18.750000 8.010000 8.010000 14.460000 14.460000 22.740000 22.740000 18.090000 18.090000 22.750000 22.750000 24.880000 24.880000 24.560000 24.560000 27.830000 27.830000 24.550000 24.550000 25.060000 25.060000 18.990000 18.990000
-9999.0 -9999.0 -9999.0 -9999.0 -9999.0 -9999.0 -9999.0 -9999.0 -9999.0 -9999.0 -9999.0 -9999.0 -9999.0 -9999.0 -9999.0 -9999.0 -9999.0 -9999.0 15.680000 15.680000 10.930000 10.930000 23.470000 23.470000 31.700000 31.700000 21.930000 21.930000 20.240000 20.240000 16.750000 16.750000 17.980000 17.980000 25.260000 25.260000 16.950000 16.950000 6.520000 6.520000 7.640000 7.640000 21.080000 21.080000 24.390000 24.390000 20.470000 20.470000 22.160000 22.160000 24.060000 24.060000 25.040000 25.040000 25.160000 25.160000 26.960000 26.960000 28.380000 28.380000
-9999.0 -9999.0 -9999.0 -9999.0 -9999.0 -9999.0 -9999.0 -9999.0 -9999.0 -9999.0 -9999.0 -9999.0 -9999.0 -9999.0 -9999.0 -9999.0 -9999.0 -9999.0 15.680000 15.680000 10.930000 10.930000 23.470000 23.470000 31.700000 31.700000 21.930000 21.930000 20.240000 20.240000 16.750000 16.750000 17.980000 17.980000 25.260000 25.260000 16.950000 16.950000 6.520000 6.520000 7.640000 7.640000 21.080000 21.080000 24.390000 24.390000 20.470000 20.470000 22.160000 22.160000 24.060000 24.060000 25.040000 25.040000 25.160000 25.160000 26.960000 26.960000 28.380000 28.380000
-9999.0 -9999.0 -9999.0 -9999.0 -9999.0 -9999.0 -9999.0 -9999.0 -9999.0 -9999.0 -9999.0 -9999.0 -9999.0 -9999.0 -9999.0 -9999.0 -9999.0 -9999.0 -9999.0 -9999.0 10.570000 10.570000 19.700000 19.700000 20.420000 20.420000 22.530000 22.530000 20.820000 20.820000 20.330000 20.330000 18.840000 18.840000 23.520000 23.520000 13.130000 13.130000 6.440000 6.440000 14.700000 14.700000 20.750000 20.750000 19.910000 19.910000 16.530000 16.530000 24.080000 24.080000 25.150000 25.150000 23.180000 23.180000 28.550000 28.550000 23.440000 23.440000 26.380000 26.380000
-9999.0 -9999.0 -9999.0 -9999.0 -9999.0 -9999.0 -9999.0 -9999.0 -9999.0 -9999.0 -9999.0 -9999.0 -9999.0 -9999.0 -9999.0 -9999.0 -9999.0 -9999.0 -9999.0 -9999.0 10.570000 10.570000 19.700000 19.700000 20.420000 20.420000 22.530000 22.530000 20.820000 20.820000 20.330000 20.330000 18.840000 18.840000 23.520000 23.520000 13.130000 13.130000 6.440000 6.440000 14.700000 14.700000 20.750000 20.750000 19.910000 19.910000 16.530000 16.530000 24.080000 24.080000 25.150000 25.150000 23.180000 23.180000 28.550000 28.550000 23.440000 23.440000 26.380000 26.380000
-9999.0 -9999.0 -9999.0 -9999.0 -9999.0 -9999.0 -9999.0 -9999.0 -9999.0 -9999.0 -9999.0 -9999.0 -9999.0 -9999.0 -9999.0 -9999.0 -9999.0 -9999.0 -9999.0 -9999.0 12.660000 12.660000 13.050000 13.050000 21.100000 21.100000 21.370000 21.370000 24.140000 24.140000 19.480000 19.480000 23.780000 23.780000 22.360000 22.360000 12.930000 12.930000 19.730000 19.730000 23.260000 23.260000 25.490000 25.490000 28.260000 28.260000 24.160000 24.160000 21.010000 21.010000 23.280000 23.280000 23.730000 23.730000 24.210000 24.210000 25.410000 25.410000 31.260000 31.260000
-9999.0 -9999.0 -9999.0 -9999.0 -9999.0 -9999.0 -9999.0 -9999.0 -9999.0 -9999.0 -9999.0 -9999.0 -9999.0 -9999.0 -9999.0 -9999.0 -9999.0 -9999.0 -9999.0 -9999.0 12.660000 12.660000 13.050000 13.050000 21.100000 21.100000 21.370000 21.370000 24.140000 24.140000 19.480000 19.480000 23.780000 23.780000 22.360000 22.360000 12.930000 12.930000 19.730000 19.730000 23.260000 23.260000 25.490000 25.490000 28.260000 28.260000 24.160000 24.160000 21.010000 21.010000 23.280000 23.280000 23.730000 23.730000 24.210000 24.210000 25.410000 25.410000 31.260000 31.260000
-9999.0 -9999.0 -9999.0 -9999.0 -9999.0 -9999.0 -9999.0 -9999.0 -9999.0 -9999.0 -9999.0 -9999.0 -9999.0 -9999.0 -9999.0 -9999.0 21.000000 21.000000 22.100000 22.100000 24.420000 24.420000 21.800000 21.800000 17.190000 17.190000 11.690000 11.690000 21.030000 21.030000 21.590000 21.590000 23.210000 23.210000 20.410000 20.410000 13.720000 13.720000 7.030000 7.030000 17.610000 17.610000 22.690000 22.690000 23.960000 23.960000 25.280000 25.280000 20.810000 20.810000 23.540000 23.540000 19.050000 19.050000 26.030000 26.030000 17.320000 17.320000 17.300000 17.300000
-9999.0 -9999.0 -9999.0 -9999.0 -9999.0 -9999.0 -9999.0 -9999.0 -9999.0 -9999.0 -9999.0 -9999.0 -9999.0 -9999.0 -9999.0 -9999.0 21.000000 21.000000 22.100000 22.100000 24.420000 24.420000 21.800000 21.800000 17.190000 17.190000 11.690000 11.690000 21.030000 21.030000 21.590000 21.590000 23.210000 23.210000 20.410000 20.410000 13.720000 13.720000 7.030000 7.030000 17.610000 17.610000 22.690000 22.690000 23.960000 23.960000 25.280000 25.280000 20.810000 20.810000 23.540000 23.540000 19.050000 19.050000 26.030000 26.030000 17.320000 17.320000 17.300000 17.300000
-9999.0 -9999.0 -9999.0 -9999.0 -9999.0 -9999.0 -9999.0 -9999.0 -9999.0 -9999.0 -9999.0 -9999.0 -9999.0 -9999.0 -9999.0 -9999.0 20.780000 20.780000 16.250000 16.250000 17.610000 17.610000 18.440000 18.440000 23.600000 23.600000 29.120000 29.120000 19.490000 19.490000 19.960000 19.960000 9.590000 9.590000 19.930000 19.930000 15.460000 15.460000 7.510000 7.510000 9.480000 9.480000 17.190000 17.190000 21.720000 21.720000 24.840000 24.840000 20.360000 20.360000 19.450000 19.450000 20.780000 20.780000 24.620000 24.620000 20.170000 20.170000 11.920000 11.920000
-9999.0 -9999.0 -9999.0 -9999.0 -9999.0 -9999.0 -9999.0 -9999.0 -9999.0 -9999.0 -9999.0 -9999.0 -9999.0 -9999.0 -9999.0 -9999.0 20.780000 20.780000 16.250000 16.250000 17.610000 17.610000 18.440000 18.440000 23.600000 23.600000 29.120000 29.120000 19.490000 19.490000 19.960000 19.960000 9.590000 9.590000 19.930000 19.930000 15.460000 15.460000 7.510000 7.510000 9.480000 9.480000 17.190000 17.190000 21.720000 21.720000 24.840000 24.840000 20.360000 20.360000 19.450000 19.450000 20.780000 20.780000 24.620000 24.620000 20.170000 20.170000 11.920000 11.920000
-9999.0 -9999.0 -9999.0 -9999.0 -9999.0 -9999.0 -9999.0 -9999.0 -9999.0 -9999.0 -9999.0 -9999.0 -9999.0 -9999.0 -9999.0 -9999.0 24.780000 24.780000 21.750000 21.750000 20.160000 20.160000 17.320000 17.320000 16.570000 16.570000 20.150000 20.150000 18.590000 18.590000 26.680000 26.680000 32.900000 32.900000 22.760000 22.760000 15.470000 15.470000 6.830000 6.830000 5.030000 5.030000 6.450000 6.450000 14.930000 14.930000 18.420000 18.420000 19.070000 19.070000 18.130000 18.130000 23.490000 23.490000 25.210000 25.210000 27.960000 27.960000 17.170000 17.170000
-9999.0 -9999.0 -9999.0 -9999.0 -9999.0 -9999.0 -9999.0 -9999.0 -9999.0 -9999.0 -9999.0 -9999.0 -9999.0 -9999.0 -9999.0 -9999.0 24.780000 24.780000 21.750000 21.750000 20.160000 20.160000 17.320000 17.320000 16.570000 16.570000 20.150000 20.150000 18.590000 18.590000 26.680000 26.680000 32.900000 32.900000 22.760000 22.760000 15.470000 15.470000 6.830000 6.830000 5.030000 5.030000 6.450000 6.450000 14.930000 14.930000 18.420000 18.420000 19.070000 19.070000 18.130000 18.130000 23.490000 23.490000 25.210000 25.210000 27.960000 27.960000 17.170000 17.170000
-9999.0 -9999.0 -9999.0 -9999.0 -9999.0 -9999.0 -9999.0 -9999.0 -9999.0 -9999.0 -9999.0 -9999.0 -9999.0 -9999.0 -9999.0 -9999.0 26.770000 26.770000 23.160000 23.160000 28.220000 28.220000 29.920000 29.920000 16.740000 16.740000 22.270000 22.270000 23.050000 23.050000 29.340000 29.340000 23.710000 23.710000 24.930000 24.930000 31.550000 31.550000 13.410000 13.410000 7.290000 7.290000 1.710000 1.710000 5.150000 5.150000 15.070000 15.070000 20.620000 20.620000 21.120000 21.120000 21.670000 21.670000 18.950000 18.950000 24.780000 24.780000 25.940000 25.940000
-9999.0 -9999.0 -9999.0 -9999.0 -9999.0 -9999.0 -9999.0 -9999.0 -9999.0 -9999.0 -9999.0 -9999.0 -9999.0 -9999.0 -9999.0 -9999.0 26.770000 26.770000 23.160000 23.160000 28.220000 28.220000 29.920000 29.920000 16.740000 16.740000 22.270000 22.270000 23.050000 23.050000 29.340000 29.340000 23.710000 23.710000 24.930000 24.930000 31.550000 31.550000 13.410000 13.410000 7.290000 7.290000 1.710000 1.710000 5.150000 5.150000 15.070000 15.070000 20.620000 20.620000 21.120000 21.120000 21.670000 21.670000 18.950000 18.950000 24.780000 24.780000 25.940000 25.940000
-9999.0 -9999.0 -9999.0 -9999.0 -9999.0 -9999.0 -9999.0 -9999.0 -9999.0 -9999.0 -9999.0 -9999.0 -9999.0 -9999.0 -9999.0 -9999.0 31.260000 31.260000 26.140000 26.140000 24.170000 24.170000 25.020000 25.020000 21.620000 21.620000 21.790000 21.790000 22.710000 22.710000 17.580000 17.580000 31.320000 31.320000 30.040000 30.040000 31.010000 31.010000 22.770000 22.770000 18.770000 18.770000 7.180000 7.180000 1.000000 1.000000 12.190000 12.190000 24.100000 24.100000 27.740000 27.740000 30.120000 30.120000 18.760000 18.760000 25.910000 25.910000 22.820000 22.820000
-9999.0 -9999.0 -9999.0 -9999.0 -9999.0 -9999.0 -9999.0 -9999.0 -9999.0 -9999.0 -9999.0 -9999.0 -9999.0 -9999.0 -9999.0 -9999.0 31.260000 31.260000 26.140000 26.140000 24.170000 24.170000 25.020000 25.020000 21.620000 21.620000 21.790000 21.790000 22.710000 22.710000 17.580000 17.580000 31.320000 31.320000 30.040000 30.040000 31.010000 31.010000 22.770000 22.770000 18.770000 18.770000 7.180000 7.180000 1.000000 1.000000 12.190000 12.190000 24.100000 24.100000 27.740000 27.740000 30.120000 30.120000 18.760000 18.760000 25.910000 25.910000 22.820000 22.820000
-9999.0 -9999.0 -9999.0 -9999.0 13.260000 13.260000 8.880000 8.880000 5.410000 5.410000 14.760000 14.760000 12.890000 12.890000 16.180000 16.180000 18.420000 18.420000 17.330000 17.330000 22.780000 22.780000 23.930000 23.930000 13.000000 13.000000 16.630000 16.630000 19.930000 19.930000 35.750000 35.750000 32.720000 32.720000 27.380000 27.380000 25.270000 25.270000 24.380000 24.380000 23.900000 23.900000 14.200000 14.200000 1.860000 1.860000 7.990000 7.990000 20.420000 20.420000 24.170000 24.170000 27.490000 27.490000 23.270000 23.270000 25.490000 25.490000 18.690000 18.690000
-9999.0 -9999.0 -9999.0 -9999.0 13.260000 13.260000 8.880000 8.880000 5.410000 5.410000 14.760000 14.760000 12.890000 12.890000 16.180000 16.180000 18.420000 18.420000 17.330000 17.330000 22.780000 22.780000 23.930000 23.930000 13.000000 13.000000 16.630000 16.630000 19.930000 19.930000 35.750000 35.750000 32.720000 32.720000 27.380000 27.380000 25.270000 25.270000 24.380000 24.380000 23.900000 23.900000 14.200000 14.200000 1.860000 1.860000 7.990000 7.990000 20.420000 20.420000 24.170000 24.170000 27.490000 27.490000 23.270000 23.270000 25.490000 25.490000 18.690000 18.690000
-9999.0 -9999.0 14.920000 14.920000 16.900000 16.900000 14.780000 14.780000 20.940000 20.940000 15.480000 15.480000 11.240000 11.240000 12.210000 12.210000 6.650000 6.650000 13.460000 13.460000 21.180000 21.180000 22.660000 22.660000 16.930000 16.930000 6.800000 6.800000 26.200000 26.200000 30.410000 30.410000 24.170000 24.170000 17.060000 17.060000 23.390000 23.390000 23.600000 23.600000 18.520000 18.520000 13.290000 13.290000 3.810000 3.810000 0.800000 0.800000 10.730000 10.730000 20.290000 20.290000 25.260000 25.260000 24.160000 24.160000 20.820000 20.820000 22.350000 22.350000
-9999.0 -9999.0 14.920000 14.920000 16.900000 16.900000 14.780000 14.780000 20.940000 20.940000 15.480000 15.480000 11.240000 11.240000 12.210000 12.210000 6.650000 6.650000 13.460000 13.460000 21.180000 21.180000 22.660000 22.660000 16.930000 16.930000 6.800000 6.800000 26.200000 26.200000 30.410000 30.410000 24.170000 24.170000 17.060000 17.060000 23.390000 23.390000 23.600000 23.600000 18.520000 18.520000 13.290000 13.290000 3.810000 3.810000 0.800000 0.800000 10.730000 10.730000 20.290000 20.290000 25.260000 25.260000 24.160000 24.160000 20.820000 20.820000 22.350000 22.350000
