3D/Venosta_3D/input_maps500/slope.asc
ncols         126
nrows         96
xllcorner     598000.000000
yllcorner     5145000.000000
cellsize      500.000000
NODATA_value  -9999.0
[rows 54 to 80 of 96, columns 60 to 119 of 126]
17.030000 17.030000 19.740000 19.740000 13.710000 13.710000 8.920000 8.920000 11.250000 11.250000 11.990000 11.990000 10.020000 10.020000 19.910000 19.910000 11.940000 11.940000 16.840000 16.840000 17.040000 17.040000 13.590000 13.590000 14.780000 14.780000 21.990000 21.990000 23.640000 23.640000 20.010000 20.010000 24.960000 24.960000 16.030000 16.030000 16.350000 16.350000 12.150000 12.150000 20.850000 20.850000 24.540000 24.540000 23.400000 23.400000 16.950000 16.950000 24.250000 24.250000 28.150000 28.150000 22.580000 22.580000 22.990000 22.990000 22.760000 22.760000 15.880000 15.880000
17.030000 17.030000 19.740000 19.740000 13.710000 13.710000 8.920000 8.920000 11.250000 11.250000 11.990000 11.990000 10.020000 10.020000 19.910000 19.910000 11.940000 11.940000 16.840000 16.840000 17.040000 17.040000 13.590000 13.590000 14.780000 14.780000 21.990000 21.990000 23.640000 23.640000 20.010000 20.010000 24.960000 24.960000 16.030000 16.030000 16.350000 16.350000 12.150000 12.150000 20.850000 20.850000 24.540000 24.540000 23.400000 23.400000 16.950000 16.950000 24.250000 24.250000 28.150000 28.150000 22.580000 22.580000 22.990000 22.990000 22.760000 22.760000 15.880000 15.880000
7.350000 7.350000 11.070000 11.070000 9.210000 9.210000 4.850000 4.850000 5.440000 5.440000 11.770000 11.770000 14.360000 14.360000 9.720000 9.720000 14.700000 14.700000 6.330000 6.330000 3.130000 3.130000 1.670000 1.670000 3.930000 3.930000 7.660000 7.660000 5.090000 5.090000 6.200000 6.200000 7.200000 7.200000 18.780000 18.780000 22.620000 22.620000 22.490000 22.490000 26.630000 26.630000 24.880000 24.880000 18.760000 18.760000 23.900000 23.900000 26.280000 26.280000 21.290000 21.290000 24.020000 24.020000 22.210000 22.210000 15.490000 15.490000 -9999.0 -9999.0
7.350000 7.350000 11.070000 11.070000 9.210000 9.210000 4.850000 4.850000 5.440000 5.440000 11.770000 11.770000 14.360000 14.360000 9.720000 9.720000 14.700000 14.700000 6.330000 6.330000 3.130000 3.130000 1.670000 1.670000 3.930000 3.930000 7.660000 7.660000 5.090000 5.090000 6.200000 6.200000 7.200000 7.200000 18.780000 18.780000 22.620000 22.620000 22.490000 22.490000 26.630000 26.630000 24.880000 24.880000 18.760000 18.760000 23.900000 23.900000 26.280000 26.280000 21.290000 21.290000 24.020000 24.020000 22.210000 22.210000 15.490000 15.490000 -9999.0 -9999.0
18.190000 18.190000 13.200000 13.200000 10.110000 10.110000 27.540000 27.540000 14.340000 14.340000 17.950000 17.950000 13.490000 13.490000 20.710000 20.710000 20.010000 20.010000 17.090000 17.090000 13.560000 13.560000 2.880000 2.880000 8.400000 8.400000 7.690000 7.690000 11.180000 11.180000 10.020000 10.020000 15.070000 15.070000 22.490000 22.490000 26.700000 26.700000 25.130000 25.130000 24.100000 24.100000 17.630000 17.630000 21.020000 21.020000 26.280000 26.280000 22.720000 22.720000 21.650000 21.650000 18.430000 18.430000 23.790000 23.790000 -9999.0 -9999.0 -9999.0 -9999.0
18.190000 18.190000 13.200000 13.200000 10.110000 10.110000 27.540000 27.540000 14.340000 14.340000 17.950000 17.950000 13.490000 13.490000 20.710000 20.710000 20.010000 20.010000 17.090000 17.090000 13.560000 13.560000 2.880000 2.880000 8.400000 8.400000 7.690000 7.690000 11.180000 11.180000 10.020000 10.020000 15.070000 15.070000 22.490000 22.490000 26.700000 26.700000 25.130000 25.130000 24.100000 24.100000 17.630000 17.630000 21.020000 21.020000 26.280000 26.280000 22.720000 22.720000 21.650000 21.650000 18.430000 18.430000 23.790000 23.790000 -9999.0 -9999.0 -9999.0 -9999.0
24.670000 24.670000 20.090000 20.090000 21.960000 21.960000 27.830000 27.830000 27.020000 27.020000 24.040000 24.040000 21.120000 21.120000 22.280000 22.280000 21.170000 21.170000 25.350000 25.350000 23.300000 23.300000 21.190000 21.190000 23.920000 23.920000 22.020000 22.020000 23.380000 23.380000 16.750000 16.750000 19.990000 19.990000 20.380000 20.380000 26.710000 26.710000 26.110000 26.110000 16.890000 16.890000 11.390000 11.390000 20.340000 20.340000 25.420000 25.420000 20.470000 20.470000 23.620000 23.620000 -9999.0 -9999.0 -9999.0 -9999.0 -9999.0 -9999.0 -9999.0 -9999.0
24.670000 24.670000 20.090000 20.090000 21.960000 21.960000 27.830000 27.830000 27.020000 27.020000 24.040000 24.040000 21.120000 21.120000 22.280000 22.280000 21.170000 21.170000 25.350000 25.350000 23.300000 23.300000 21.190000 21.190000 23.920000 23.920000 22.020000 22.020000 23.380000 23.380000 16.750000 16.750000 19.990000 19.990000 20.380000 20.380000 26.710000 26.710000 26.110000 26.110000 16.890000 16.890000 11.390000 11.390000 20.340000 20.340000 25.420000 25.420000 20.470000 20.470000 23.620000 23.620000 -9999.0 -9999.0 -9999.0 -9999.0 -9999.0 -9999.0 -9999.0 -9999.0
21.520000 21.520000 18.120000 18.120000 23.830000 23.830000 24.410000 24.410000 21.610000 21.610000 20.810000 20.810000 27.520000 27.520000 20.990000 20.990000 16.430000 16.430000 28.500000 28.500000 26.630000 26.630000 31.350000 31.350000 35.130000 35.130000 27.290000 27.290000 24.780000 24.780000 20.940000 20.940000 22.730000 22.730000 29.480000 29.480000 20.180000 20.180000 21.930000 21.930000 12.760000 12.760000 15.400000 15.400000 14.480000 14.480000 15.250000 15.250000 22.740000 22.740000 -9999.0 -9999.0 -9999.0 -9999.0 -9999.0 -9999.0 -9999.0 -9999.0 -9999.0 -9999.0
21.520000 21.520000 18.120000 18.120000 23.830000 23.830000 24.410000 24.410000 21.610000 21.610000 20.810000 20.810000 27.520000 27.520000 20.990000 20.990000 16.430000 16.430000 28.500000 28.500000 26.630000 26.630000 31.350000 31.350000 35.130000 35.130000 27.290000 27.290000 24.780000 24.780000 20.940000 20.940000 22.730000 22.730000 29.480000 29.480000 20.180000 20.180000 21.930000 21.930000 12.760000 12.760000 15.400000 15.400000 14.480000 14.480000 15.250000 15.250000 22.740000 22.740000 -9999.0 -9999.0 -9999.0 -9999.0 -9999.0 -9999.0 -9999.0 -9999.0 -9999.0 -9999.0
26.830000 26.830000 31.360000 31.360000 22.370000 22.370000 24.560000 24.560000 17.860000 17.860000 21.840000 21.840000 30.680000 30.680000 24.930000 24.930000 26.690000 26.690000 25.760000 25.760000 20.960000 20.960000 35.420000 35.420000 27.240000 27.240000 21.540000 21.540000 23.100000 23.100000 22.260000 22.260000 19.370000 19.370000 24.620000 24.620000 20.140000 20.140000 22.980000 22.980000 15.370000 15.370000 19.130000 19.130000 18.150000 18.150000 13.780000 13.780000 -9999.0 -9999.0 -9999.0 -9999.0 -9999.0 -9999.0 -9999.0 -9999.0 -9999.0 -9999.0 -9999.0 -9999.0
26.830000 26.830000 31.360000 31.360000 22.370000 22.370000 24.560000 24.560000 17.860000 17.860000 21.840000 21.840000 30.680000 30.680000 24.930000 24.930000 26.690000 26.690000 25.760000 25.760000 20.960000 20.960000 35.420000 35.420000 27.240000 27.240000 21.540000 21.540000 23.100000 23.100000 22.260000 22.260000 19.370000 19.370000 24.620000 24.620000 20.140000 20.140000 22.980000 22.980000 15.370000 15.370000 19.130000 19.130000 18.150000 18.150000 13.780000 13.780000 -9999.0 -9999.0 -9999.0 -9999.0 -9999.0 -9999.0 -9999.0 -9999.0 -9999.0 -9999.0 -9999.0 -9999.0
23.680000 23.680000 26.230000 26.230000 29.100000 29.100000 32.580000 32.580000 19.620000 19.620000 29.360000 29.360000 23.280000 23.280000 23.000000 23.000000 23.480000 23.480000 29.210000 29.210000 17.910000 17.910000 22.250000 22.250000 29.360000 29.360000 20.110000 20.110000 23.090000 23.090000 25.260000 25.260000 17.900000 17.900000 14.860000 14.860000 19.860000 19.860000 19.830000 19.830000 -9999.0 -9999.0 -9999.0 -9999.0 -9999.0 -9999.0 -9999.0 -9999.0 -9999.0 -9999.0 -9999.0 -9999.0 -9999.0 -9999.0 -9999.0 -9999.0 -9999.0 -9999.0 -9999.0 -9999.0
23.680000 23.680000 26.230000 26.230000 29.100000 29.100000 32.580000 32.580000 19.620000 19.620000 29.360000 29.360000 23.280000 23.280000 23.000000 23.000000 23.480000 23.480000 29.210000 29.210000 17.910000 17.910000 22.250000 22.250000 29.360000 29.360000 20.110000 20.110000 23.090000 23.090000 25.260000 25.260000 17.900000 17.900000 14.860000 14.860000 19.860000 19.860000 19.830000 19.830000 -9999.0 -9999.0 -9999.0 -9999.0 -9999.0 -9999.0 -9999.0 -9999.0 -9999.0 -9999.0 -9999.0 -9999.0 -9999.0 -9999.0 -9999.0 -9999.0 -9999.0 -9999.0 -9999.0 -9999.0
31.360000 31.360000 23.410000 23.410000 26.250000 26.250000 18.900000 18.900000 14.550000 14.550000 19.190000 19.190000 22.100000 22.100000 21.790000 21.790000 21.710000 21.710000 19.460000 19.460000 28.460000 28.460000 25.240000 25.240000 27.440000 27.440000 14.550000 14.550000 17.630000 17.630000 20.500000 20.500000 16.410000 16.410000 -9999.0 -9999.0 -9999.0 -9999.0 -9999.0 -9999.0 -9999.0 -9999.0 -9999.0 -9999.0 -9999.0 -9999.0 -9999.0 -9999.0 -9999.0 -9999.0 -9999.0 -9999.0 -9999.0 -9999.0 -9999.0 -9999.0 -9999.0 -9999.0 -9999.0 -9999.0
31.360000 31.360000 23.410000 23.410000 26.250000 26.250000 18.900000 18.900000 14.550000 14.550000 19.190000 19.190000 22.100000 22.100000 21.790000 21.790000 21.710000 21.710000 19.460000 19.460000 28.460000 28.460000 25.240000 25.240000 27.440000 27.440000 14.550000 14.550000 17.630000 17.630000 20.500000 20.500000 16.410000 16.410000 -9999.0 -9999.0 -9999.0 -9999.0 -9999.0 -9999.0 -9999.0 -9999.0 -9999.0 -9999.0 -9999.0 -9999.0 -9999.0 -9999.0 -9999.0 -9999.0 -9999.0 -9999.0 -9999.0 -9999.0 -9999.0 -9999.0 -9999.0 -9999.0 -9999.0 -9999.0
28.840000 28.840000 26.910000 26.910000 21.000000 21.000000 20.340000 20.340000 15.040000 15.040000 24.900000 24.900000 25.310000 25.310000 24.660000 24.660000 25.970000 25.970000 29.020000 29.020000 23.120000 23.120000 20.290000 20.290000 23.530000 23.530000 23.320000 23.320000 23.150000 23.150000 18.330000 18.330000 -9999.0 -9999.0 -9999.0 -9999.0 -9999.0 -9999.0 -9999.0 -9999.0 -9999.0 -9999.0 -9999.0 -9999.0 -9999.0 -9999.0 -9999.0 -9999.0 -9999.0 -9999.0 -9999.0 -9999.0 -9999.0 -9999.0 -9999.0 -9999.0 -9999.0 -9999.0 -9999.0 -9999.0
28.840000 28.840000 26.910000 26.910000 21.000000 21.000000 20.340000 20.340000 15.040000 15.040000 24.900000 24.900000 25.310000 25.310000 24.660000 24.660000 25.970000 25.970000 29.020000 29.020000 23.120000 23.120000 20.290000 20.290000 23.530000 23.530000 23.320000 23.320000 23.150000 23.150000 18.330000 18.330000 -9999.0 -9999.0 -9999.0 -9999.0 -9999.0 -9999.0 -9999.0 -9999.0 -9999.0 -9999.0 -9999.0 -9999.0 -9999.0 -9999.0 -9999.0 -9999.0 -9999.0 -9999.0 -9999.0 -9999.0 -9999.0 -9999.0 -9999.0 -9999.0 -9999.0 -9999.0 -9999.0 -9999.0
29.930000 29.930000 22.810000 22.810000 24.080000 24.080000 16.010000 16.010000 18.680000 18.680000 23.340000 23.340000 20.900000 20.900000 14.260000 14.260000 31.840000 31.840000 26.770000 26.770000 19.520000 19.520000 17.810000 17.810000 19.540000 19.540000 20.590000 20.590000 21.190000 21.190000 -9999.0 -9999.0 -9999.0 -9999.0 -9999.0 -9999.0 -9999.0 -9999.0 -9999.0 -9999.0 -9999.0 -9999.0 -9999.0 -9999.0 -9999.0 -9999.0 -9999.0 -9999.0 -9999.0 -9999.0 -9999.0 -9999.0 -9999.0 -9999.0 -9999.0 -9999.0 -9999.0 -9999.0 -9999.0 -9999.0
29.930000 29.930000 22.810000 22.810000 24.080000 24.080000 16.010000 16.010000 18.680000 18.680000 23.340000 23.340000 20.900000 20.900000 14.260000 14.260000 31.840000 31.840000 26.770000 26.770000 19.520000 19.520000 17.810000 17.810000 19.540000 19.540000 20.590000 20.590000 21.190000 21.190000 -9999.0 -9999.0 -9999.0 -9999.0 -9999.0 -9999.0 -9999.0 -9999.0 -9999.0 -9999.0 -9999.0 -9999.0 -9999.0 -9999.0 -9999.0 -9999.0 -9999.0 -9999.0 -9999.0 -9999.0 -9999.0 -9999.0 -9999.0 -9999.0 -9999.0 -9999.0 -9999.0 -9999.0 -9999.0 -9999.0
16.700000 16.700000 7.520000 7.520000 16.240000 16.240000 18.760000 18.760000 23.950000 23.950000 23.410000 23.410000 21.680000 21.680000 35.520000 35.520000 31.390000 31.390000 28.220000 28.220000 23.670000 23.670000 15.670000 15.670000 10.690000 10.690000 -9999.0 -9999.0 -9999.0 -9999.0 -9999.0 -9999.0 -9999.0 -9999.0 -9999.0 -9999.0 -9999.0 -9999.0 -9999.0 -9999.0 -9999.0 -9999.0 -9999.0 -9999.0 -9999.0 -9999.0 -9999.0 -9999.0 -9999.0 -9999.0 -9999.0 -9999.0 -9999.0 -9999.0 -9999.0 -9999.0 -9999.0 -9999.0 -9999.0 -9999.0
16.700000 16.700000 7.520000 7.520000 16.240000 16.240000 18.760000 18.760000 23.950000 23.950000 23.410000 23.410000 21.680000 21.680000 35.520000 35.520000 31.390000 31.390000 28.220000 28.220000 23.670000 23.670000 15.670000 15.670000 10.690000 10.690000 -9999.0 -9999.0 -9999.0 -9999.0 -9999.0 -9999.0 -9999.0 -9999.0 -9999.0 -9999.0 -9999.0 -9999.0 -9999.0 -9999.0 -9999.0 -9999.0 -9999.0 -9999.0 -9999.0 -9999.0 -9999.0 -9999.0 -9999.0 -9999.0 -9999.0 -9999.0 -9999.0 -9999.0 -9999.0 -9999.0 -9999.0 -9999.0 -9999.0 -9999.0
10.500000 10.500000 20.710000 20.710000 24.330000 24.330000 18.980000 18.980000 25.450000 25.450000 28.010000 28.010000 25.290000 25.290000 32.080000 32.080000 21.380000 21.380000 29.190000 29.190000 17.920000 17.920000 15.840000 15.840000 -9999.0 -9999.0 -9999.0 -9999.0 -9999.0 -9999.0 -9999.0 -9999.0 -9999.0 -9999.0 -9999.0 -9999.0 -9999.0 -9999.0 -9999.0 -9999.0 -9999.0 -9999.0 -9999.0 -9999.0 -9999.0 -9999.0 -9999.0 -9999.0 -9999.0 -9999.0 -9999.0 -9999.0 -9999.0 -9999.0 -9999.0 -9999.0 -9999.0 -9999.0 -9999.0 -9999.0
10.500000 10.500000 20.710000 20.710000 24.330000 24.330000 18.980000 18.980000 25.450000 25.450000 28.010000 28.010000 25.290000 25.290000 32.080000 32.080000 21.380000 21.380000 29.190000 29.190000 17.920000 17.920000 15.840000 15.840000 -9999.0 -9999.0 -9999.0 -9999.0 -9999.0 -9999.0 -9999.0 -9999.0 -9999.0 -9999.0 -9999.0 -9999.0 -9999.0 -9999.0 -9999.0 -9999.0 -9999.0 -9999.0 -9999.0 -9999.0 -9999.0 -9999.0 -9999.0 -9999.0 -9999.0 -9999.0 -9999.0 -9999.0 -9999.0 -9999.0 -9999.0 -9999.0 -9999.0 -9999.0 -9999.0 -9999.0
11.870000 11.870000 15.150000 15.150000 18.800000 18.800000 25.000000 25.000000 30.100000 30.100000 27.180000 27.180000 26.390000 26.390000 27.610000 27.610000 17.750000 17.750000 25.420000 25.420000 19.450000 19.450000 -9999.0 -9999.0 -9999.0 -9999.0 -9999.0 -9999.0 -9999.0 -9999.0 -9999.0 -9999.0 -9999.0 -9999.0 -9999.0 -9999.0 -9999.0 -9999.0 -9999.0 -9999.0 -9999.0 -9999.0 -9999.0 -9999.0 -9999.0 -9999.0 -9999.0 -9999.0 -9999.0 -9999.0 -9999.0 -9999.0 -9999.0 -9999.0 -9999.0 -9999.0 -9999.0 -9999.0 -9999.0 -9999.0
11.870000 11.870000 15.150000 15.150000 18.800000 18.800000 25.000000 25.000000 30.100000 30.100000 27.180000 27.180000 26.390000 26.390000 27.610000 27.610000 17.750000 17.750000 25.420000 25.420000 19.450000 19.450000 -9999.0 -9999.0 -9999.0 -9999.0 -9999.0 -9999.0 -9999.0 -9999.0 -9999.0 -9999.0 -9999.0 -9999.0 -9999.0 -9999.0 -9999.0 -9999.0 -9999.0 -9999.0 -9999.0 -9999.0 -9999.0 -9999.0 -9999.0 -9999.0 -9999.0 -9999.0 -9999.0 -9999.0 -9999.0 -9999.0 -9999.0 -9999.0 -9999.0 -9999.0 -9999.0 -9999.0 -9999.0 -9999.0
18.580000 18.580000 13.380000 13.380000 17.150000 17.150000 18.590000 18.590000 29.490000 29.490000 28.820000 28.820000 20.070000 20.070000 27.490000 27.490000 18.750000 18.750000 18.760000 18.760000 -9999.0 -9999.0 -9999.0 -9999.0 -9999.0 -9999.0 -9999.0 -9999.0 -9999.0 -9999.0 -9999.0 -9999.0 -9999.0 -9999.0 -9999.0 -9999.0 -9999.0 -9999.0 -9999.0 -9999.0 -9999.0 -9999.0 -9999.0 -9999.0 -9999.0 -9999.0 -9999.0 -9999.0 -9999.0 -9999.0 -9999.0 -9999.0 -9999.0 -9999.0 -9999.0 -9999.0 -9999.0 -9999.0 -9999.0 -9999.0
