3D/Venosta_3D/input_maps500/slope.asc
ncols         126
nrows         96
xllcorner     598000.000000
yllcorner     5145000.000000
cellsize      500.000000
NODATA_value  -9999.0
[rows 54 to 80 of 96, columns 0 to 59 of 126]
-9999.0 -9999.0 16.260000 16.260000 9.690000 9.690000 14.950000 14.950000 19.410000 19.410000 21.420000 21.420000 26.220000 26.220000 24.310000 24.310000 18.740000 18.740000 22.190000 22.190000 24.090000 24.090000 27.910000 27.910000 17.880000 17.880000 20.270000 20.270000 26.690000 26.690000 23.970000 23.970000 13.930000 13.930000 24.670000 24.670000 25.440000 25.440000 16.750000 16.750000 24.250000 24.250000 16.910000 16.910000 8.670000 8.670000 0.620000 0.620000 0.800000 0.800000 7.320000 7.320000 11.590000 11.590000 11.110000 11.110000 7.010000 7.010000 13.710000 13.710000
-9999.0 -9999.0 16.260000 16.260000 9.690000 9.690000 14.950000 14.950000 19.410000 19.410000 21.420000 21.420000 26.220000 26.220000 24.310000 24.310000 18.740000 18.740000 22.190000 22.190000 24.090000 24.090000 27.910000 27.910000 17.880000 17.880000 20.270000 20.270000 26.690000 26.690000 23.970000 23.970000 13.930000 13.930000 24.670000 24.670000 25.440000 25.440000 16.750000 16.750000 24.250000 24.250000 16.910000 16.910000 8.670000 8.670000 0.620000 0.620000 0.800000 0.800000 7.320000 7.320000 11.590000 11.590000 11.110000 11.110000 7.010000 7.010000 13.710000 13.710000
-9999.0 -9999.0 20.540000 20.540000 23.240000 23.240000 17.790000 17.790000 20.330000 20.330000 11.270000 11.270000 20.680000 20.680000 23.250000 23.250000 20.360000 20.360000 17.610000 17.610000 23.870000 23.870000 24.100000 24.100000 18.580000 18.580000 20.790000 20.790000 24.520000 24.520000 19.460000 19.460000 16.110000 16.110000 17.500000 17.500000 16.150000 16.150000 22.650000 22.650000 16.530000 16.530000 25.040000 25.040000 18.610000 18.610000 5.630000 5.630000 1.140000 1.140000 1.630000 1.630000 1.820000 1.820000 2.320000 2.320000 2.650000 2.650000 5.350000 5.350000
-9999.0 -9999.0 20.540000 20.540000 23.240000 23.240000 17.790000 17.790000 20.330000 20.330000 11.270000 11.270000 20.680000 20.680000 23.250000 23.250000 20.360000 20.360000 17.610000 17.610000 23.870000 23.870000 24.100000 24.100000 18.580000 18.580000 20.790000 20.790000 24.520000 24.520000 19.460000 19.460000 16.110000 16.110000 17.500000 17.500000 16.150000 16.150000 22.650000 22.650000 16.530000 16.530000 25.040000 25.040000 18.610000 18.610000 5.630000 5.630000 1.140000 1.140000 1.630000 1.630000 1.820000 1.820000 2.320000 2.320000 2.650000 2.650000 5.350000 5.350000
-9999.0 -9999.0 18.340000 18.340000 23.590000 23.590000 18.220000 18.220000 16.670000 16.670000 15.520000 15.520000 17.680000 17.680000 17.470000 17.470000 20.480000 20.480000 26.170000 26.170000 23.660000 23.660000 11.860000 11.860000 23.490000 23.490000 24.880000 24.880000 22.910000 22.910000 17.620000 17.620000 15.490000 15.490000 17.920000 17.920000 16.850000 16.850000 17.860000 17.860000 23.210000 23.210000 21.890000 21.890000 16.120000 16.120000 11.090000 11.090000 12.350000 12.350000 14.660000 14.660000 15.670000 15.670000 13.210000 13.210000 18.480000 18.480000 13.820000 13.820000
-9999.0 -9999.0 18.340000 18.340000 23.590000 23.590000 18.220000 18.220000 16.670000 16.670000 15.520000 15.520000 17.680000 17.680000 17.470000 17.470000 20.480000 20.480000 26.170000 26.170000 23.660000 23.660000 11.860000 11.860000 23.490000 23.490000 24.880000 24.880000 22.910000 22.910000 17.620000 17.620000 15.490000 15.490000 17.920000 17.920000 16.850000 16.850000 17.860000 17.860000 23.210000 23.210000 21.890000 21.890000 16.120000 16.120000 11.090000 11.090000 12.350000 12.350000 14.660000 14.660000 15.670000 15.670000 13.210000 13.210000 18.480000 18.480000 13.820000 13.820000
-9999.0 -9999.0 16.970000 16.970000 25.440000 25.440000 20.210000 20.210000 18.080000 18.080000 17.970000 17.970000 12.330000 12.330000 11.610000 11.610000 19.940000 19.940000 16.230000 16.230000 14.270000 14.270000 17.310000 17.310000 22.610000 22.610000 24.090000 24.090000 18.540000 18.540000 16.850000 16.850000 10.690000 10.690000 13.800000 13.800000 17.680000 17.680000 20.360000 20.360000 22.590000 22.590000 23.240000 23.240000 16.360000 16.360000 20.320000 20.320000 23.720000 23.720000 26.620000 26.620000 28.720000 28.720000 21.940000 21.940000 27.670000 27.670000 25.800000 25.800000
-9999.0 -9999.0 16.970000 16.970000 25.440000 25.440000 20.210000 20.210000 18.080000 18.080000 17.970000 17.970000 12.330000 12.330000 11.610000 11.610000 19.940000 19.940000 16.230000 16.230000 14.270000 14.270000 17.310000 17.310000 22.610000 22.610000 24.090000 24.090000 18.540000 18.540000 16.850000 16.850000 10.690000 10.690000 13.800000 13.800000 17.680000 17.680000 20.360000 20.360000 22.590000 22.590000 23.240000 23.240000 16.360000 16.360000 20.320000 20.320000 23.720000 23.720000 26.620000 26.620000 28.720000 28.720000 21.940000 21.940000 27.670000 27.670000 25.800000 25.800000
-9999.0 -9999.0 -9999.0 -9999.0 -9999.0 -9999.0 14.070000 14.070000 20.280000 20.280000 19.340000 19.340000 18.030000 18.030000 15.610000 15.610000 11.190000 11.190000 15.960000 15.960000 13.970000 13.970000 17.970000 17.970000 25.240000 25.240000 20.890000 20.890000 13.570000 13.570000 21.290000 21.290000 19.980000 19.980000 18.520000 18.520000 16.350000 16.350000 19.680000 19.680000 22.580000 22.580000 21.660000 21.660000 22.990000 22.990000 22.700000 22.700000 22.200000 22.200000 24.500000 24.500000 30.120000 30.120000 24.750000 24.750000 25.540000 25.540000 25.970000 25.970000
-9999.0 -9999.0 -9999.0 -9999.0 -9999.0 -9999.0 14.070000 14.070000 20.280000 20.280000 19.340000 19.340000 18.030000 18.030000 15.610000 15.610000 11.190000 11.190000 15.960000 15.960000 13.970000 13.970000 17.970000 17.970000 25.240000 25.240000 20.890000 20.890000 13.570000 13.570000 21.290000 21.290000 19.980000 19.980000 18.520000 18.520000 16.350000 16.350000 19.680000 19.680000 22.580000 22.580000 21.660000 21.660000 22.990000 22.990000 22.700000 22.700000 22.200000 22.200000 24.500000 24.500000 30.120000 30.120000 24.750000 24.750000 25.540000 25.540000 25.970000 25.970000
-9999.0 -9999.0 -9999.0 -9999.0 -9999.0 -9999.0 -9999.0 -9999.0 23.900000 23.900000 19.760000 19.760000 16.820000 16.820000 19.700000 19.700000 11.690000 11.690000 21.710000 21.710000 26.920000 26.920000 25.390000 25.390000 25.000000 25.000000 24.740000 24.740000 11.850000 11.850000 12.230000 12.230000 18.310000 18.310000 21.780000 21.780000 19.420000 19.420000 13.200000 13.200000 28.000000 28.000000 25.060000 25.060000 21.720000 21.720000 21.230000 21.230000 19.140000 19.140000 16.680000 16.680000 25.230000 25.230000 27.560000 27.560000 22.520000 22.520000 19.450000 19.450000
-9999.0 -9999.0 -9999.0 -9999.0 -9999.0 -9999.0 -9999.0 -9999.0 23.900000 23.900000 19.760000 19.760000 16.820000 16.820000 19.700000 19.700000 11.690000 11.690000 21.710000 21.710000 26.920000 26.920000 25.390000 25.390000 25.000000 25.000000 24.740000 24.740000 11.850000 11.850000 12.230000 12.230000 18.310000 18.310000 21.780000 21.780000 19.420000 19.420000 13.200000 13.200000 28.000000 28.000000 25.060000 25.060000 21.720000 21.720000 21.230000 21.230000 19.140000 19.140000 16.680000 16.680000 25.230000 25.230000 27.560000 27.560000 22.520000 22.520000 19.450000 19.450000
-9999.0 -9999.0 -9999.0 -9999.0 -9999.0 -9999.0 -9999.0 -9999.0 -9999.0 -9999.0 25.240000 25.240000 22.670000 22.670000 20.730000 20.730000 20.570000 20.570000 28.690000 28.690000 24.300000 24.300000 16.580000 16.580000 24.780000 24.780000 19.210000 19.210000 12.240000 12.240000 24.240000 24.240000 20.520000 20.520000 14.830000 14.830000 24.950000 24.950000 15.720000 15.720000 33.610000 33.610000 31.370000 31.370000 23.360000 23.360000 17.860000 17.860000 21.730000 21.730000 16.880000 16.880000 20.730000 20.730000 31.970000 31.970000 26.800000 26.800000 17.810000 17.810000
-9999.0 -9999.0 -9999.0 -9999.0 -9999.0 -9999.0 -9999.0 -9999.0 -9999.0 -9999.0 25.240000 25.240000 22.670000 22.670000 20.730000 20.730000 20.570000 20.570000 28.690000 28.690000 24.300000 24.300000 16.580000 16.580000 24.780000 24.780000 19.210000 19.210000 12.240000 12.240000 24.240000 24.240000 20.520000 20.520000 14.830000 14.830000 24.950000 24.950000 15.720000 15.720000 33.610000 33.610000 31.370000 31.370000 23.360000 23.360000 17.860000 17.860000 21.730000 21.730000 16.880000 16.880000 20.730000 20.730000 31.970000 31.970000 26.800000 26.800000 17.810000 17.810000
-9999.0 -9999.0 -9999.0 -9999.0 -9999.0 -9999.0 -9999.0 -9999.0 -9999.0 -9999.0 22.760000 22.760000 19.380000 19.380000 16.090000 16.090000 27.230000 27.230000 26.810000 26.810000 14.240000 14.240000 19.750000 19.750000 13.400000 13.400000 9.360000 9.360000 9.430000 9.430000 16.130000 16.130000 14.160000 14.160000 22.490000 22.490000 33.610000 33.610000 19.080000 19.080000 23.010000 23.010000 32.290000 32.290000 28.610000 28.610000 27.940000 27.940000 26.670000 26.670000 24.210000 24.210000 34.370000 34.370000 21.960000 21.960000 24.440000 24.440000 26.590000 26.590000
-9999.0 -9999.0 -9999.0 -9999.0 -9999.0 -9999.0 -9999.0 -9999.0 -9999.0 -9999.0 22.760000 22.760000 19.380000 19.380000 16.090000 16.090000 27.230000 27.230000 26.810000 26.810000 14.240000 14.240000 19.750000 19.750000 13.400000 13.400000 9.360000 9.360000 9.430000 9.430000 16.130000 16.130000 14.160000 14.160000 22.490000 22.490000 33.610000 33.610000 19.080000 19.080000 23.010000 23.010000 32.290000 32.290000 28.610000 28.610000 27.940000 27.940000 26.670000 26.670000 24.210000 24.210000 34.370000 34.370000 21.960000 21.960000 24.440000 24.440000 26.590000 26.590000
-9999.0 -9999.0 -9999.0 -9999.0 -9999.0 -9999.0 -9999.0 -9999.0 -9999.0 -9999.0 13.330000 13.330000 14.010000 14.010000 12.690000 12.690000 18.010000 18.010000 15.570000 15.570000 13.360000 13.360000 23.000000 23.000000 10.400000 10.400000 8.220000 8.220000 4.550000 4.550000 25.460000 25.460000 25.980000 25.980000 19.500000 19.500000 28.430000 28.430000 32.990000 32.990000 23.360000 23.360000 28.180000 28.180000 19.490000 19.490000 24.710000 24.710000 22.800000 22.800000 12.380000 12.380000 10.950000 10.950000 5.090000 5.090000 25.000000 25.000000 25.220000 25.220000
-9999.0 -9999.0 -9999.0 -9999.0 -9999.0 -9999.0 -9999.0 -9999.0 -9999.0 -9999.0 13.330000 13.330000 14.010000 14.010000 12.690000 12.690000 18.010000 18.010000 15.570000 15.570000 13.360000 13.360000 23.000000 23.000000 10.400000 10.400000 8.220000 8.220000 4.550000 4.550000 25.460000 25.460000 25.980000 25.980000 19.500000 19.500000 28.430000 28.430000 32.990000 32.990000 23.360000 23.360000 28.180000 28.180000 19.490000 19.490000 24.710000 24.710000 22.800000 22.800000 12.380000 12.380000 10.950000 10.950000 5.090000 5.090000 25.000000 25.000000 25.220000 25.220000
-9999.0 -9999.0 -9999.0 -9999.0 -9999.0 -9999.0 -9999.0 -9999.0 -9999.0 -9999.0 16.460000 16.460000 13.300000 13.300000 11.340000 11.340000 13.740000 13.740000 8.250000 8.250000 27.710000 27.710000 21.370000 21.370000 6.350000 6.350000 8.790000 8.790000 11.940000 11.940000 18.210000 18.210000 24.290000 24.290000 23.610000 23.610000 24.500000 24.500000 29.920000 29.920000 20.990000 20.990000 30.810000 30.810000 21.840000 21.840000 25.780000 25.780000 23.240000 23.240000 22.300000 22.300000 16.230000 16.230000 21.290000 21.290000 27.360000 27.360000 23.420000 23.420000
-9999.0 -9999.0 -9999.0 -9999.0 -9999.0 -9999.0 -9999.0 -9999.0 -9999.0 -9999.0 16.460000 16.460000 13.300000 13.300000 11.340000 11.340000 13.740000 13.740000 8.250000 8.250000 27.710000 27.710000 21.370000 21.370000 6.350000 6.350000 8.790000 8.790000 11.940000 11.940000 18.210000 18.210000 24.290000 24.290000 23.610000 23.610000 24.500000 24.500000 29.920000 29.920000 20.990000 20.990000 30.810000 30.810000 21.840000 21.840000 25.780000 25.780000 23.240000 23.240000 22.300000 22.300000 16.230000 16.230000 21.290000 21.290000 27.360000 27.360000 23.420000 23.420000
-9999.0 -9999.0 -9999.0 -9999.0 -9999.0 -9999.0 -9999.0 -9999.0 -9999.0 -9999.0 -9999.0 -9999.0 -9999.0 -9999.0 -9999.0 -9999.0 10.140000 10.140000 11.510000 11.510000 17.650000 17.650000 3.190000 3.190000 21.120000 21.120000 21.810000 21.810000 23.740000 23.740000 22.930000 22.930000 23.570000 23.570000 26.120000 26.120000 25.010000 25.010000 11.930000 11.930000 32.620000 32.620000 33.300000 33.300000 13.170000 13.170000 23.790000 23.790000 25.240000 25.240000 31.460000 31.460000 24.180000 24.180000 27.600000 27.600000 6.880000 6.880000 16.270000 16.270000
-9999.0 -9999.0 -9999.0 -9999.0 -9999.0 -9999.0 -9999.0 -9999.0 -9999.0 -9999.0 -9999.0 -9999.0 -9999.0 -9999.0 -9999.0 -9999.0 10.140000 10.140000 11.510000 11.510000 17.650000 17.650000 3.190000 3.190000 21.120000 21.120000 21.810000 21.810000 23.740000 23.740000 22.930000 22.930000 23.570000 23.570000 26.120000 26.120000 25.010000 25.010000 11.930000 11.930000 32.620000 32.620000 33.300000 33.300000 13.170000 13.170000 23.790000 23.790000 25.240000 25.240000 31.460000 31.460000 24.180000 24.180000 27.600000 27.600000 6.880000 6.880000 16.270000 16.270000
-9999.0 -9999.0 -9999.0 -9999.0 -9999.0 -9999.0 -9999.0 -9999.0 -9999.0 -9999.0 -9999.0 -9999.0 -9999.0 -9999.0 -9999.0 -9999.0 -9999.0 -9999.0 -9999.0 -9999.0 -9999.0 -9999.0 -9999.0 -9999.0 -9999.0 -9999.0 20.100000 20.100000 25.920000 25.920000 20.700000 20.700000 22.040000 22.040000 33.000000 33.000000 25.690000 25.690000 13.000000 13.000000 24.690000 24.690000 22.340000 22.340000 22.970000 22.970000 12.920000 12.920000 21.290000 21.290000 22.090000 22.090000 26.740000 26.740000 10.890000 10.890000 4.650000 4.650000 16.130000 16.130000
-9999.0 -9999.0 -9999.0 -9999.0 -9999.0 -9999.0 -9999.0 -9999.0 -9999.0 -9999.0 -9999.0 -9999.0 -9999.0 -9999.0 -9999.0 -9999.0 -9999.0 -9999.0 -9999.0 -9999.0 -9999.0 -9999.0 -9999.0 -9999.0 -9999.0 -9999.0 20.100000 20.100000 25.920000 25.920000 20.700000 20.700000 22.040000 22.040000 33.000000 33.000000 25.690000 25.690000 13.000000 13.000000 24.690000 24.690000 22.340000 22.340000 22.970000 22.970000 12.920000 12.920000 21.290000 21.290000 22.090000 22.090000 26.740000 26.740000 10.890000 10.890000 4.650000 4.650000 16.130000 16.130000
-9999.0 -9999.0 -9999.0 -9999.0 -9999.0 -9999.0 -9999.0 -9999.0 -9999.0 -9999.0 -9999.0 -9999.0 -9999.0 -9999.0 -9999.0 -9999.0 -9999.0 -9999.0 -9999.0 -9999.0 -9999.0 -9999.0 -9999.0 -9999.0 -9999.0 -9999.0 9.230000 9.230000 20.830000 20.830000 17.980000 17.980000 25.900000 25.900000 29.260000 29.260000 25.150000 25.150000 30.550000 30.550000 23.040000 23.040000 19.650000 19.650000 18.350000 18.350000 22.010000 22.010000 14.000000 14.000000 16.730000 16.730000 27.340000 27.340000 30.070000 30.070000 10.870000 10.870000 17.740000 17.740000
-9999.0 -9999.0 -9999.0 -9999.0 -9999.0 -9999.0 -9999.0 -9999.0 -9999.0 -9999.0 -9999.0 -9999.0 -9999.0 -9999.0 -9999.0 -9999.0 -9999.0 -9999.0 -9999.0 -9999.0 -9999.0 -9999.0 -9999.0 -9999.0 -9999.0 -9999.0 9.230000 9.230000 20.830000 20.830000 17.980000 17.980000 25.900000 25.900000 29.260000 29.260000 25.150000 25.150000 30.550000 30.550000 23.040000 23.040000 19.650000 19.650000 18.350000 18.350000 22.010000 22.010000 14.000000 14.000000 16.730000 16.730000 27.340000 27.340000 30.070000 30.070000 10.870000 10.870000 17.740000 17.740000
-9999.0 -9999.0 -9999.0 -9999.0 -9999.0 -9999.0 -9999.0 -9999.0 -9999.0 -9999.0 -9999.0 -9999.0 -9999.0 -9999.0 -9999.0 -9999.0 -9999.0 -9999.0 -9999.0 -9999.0 -9999.0 -9999.0 -9999.0 -9999.0 -9999.0 -9999.0 7.930000 7.930000 20.680000 20.680000 22.840000 22.840000 30.680000 30.680000 30.410000 30.410000 29.630000 29.630000 42.700000 42.700000 29.570000 29.570000 31.280000 31.280000 19.190000 19.190000 19.150000 19.150000 20.120000 20.120000 32.260000 32.260000 25.790000 25.790000 24.610000 24.610000 14.860000 14.860000 17.470000 17.470000
