3D/Venosta_3D/input_maps500/slope.asc
ncols         126
nrows         96
xllcorner     598000.000000
yllcorner     5145000.000000
cellsize      500.000000
NODATA_value  -9999.0
[rows 27 to 53 of 96, columns 60 to 119 of 126]
18.940000 18.940000 20.800000 20.800000 13.680000 13.680000 11.290000 11.290000 17.730000 17.730000 16.010000 16.010000 19.000000 19.000000 14.070000 14.070000 30.710000 30.710000 31.930000 31.930000 12.180000 12.180000 26.100000 26.100000 21.420000 21.420000 22.030000 22.030000 23.530000 23.530000 16.640000 16.640000 20.790000 20.790000 18.200000 18.200000 21.700000 21.700000 21.350000 21.350000 25.760000 25.760000 24.650000 24.650000 21.230000 21.230000 23.160000 23.160000 24.070000 24.070000 21.200000 21.200000 14.200000 14.200000 -9999.0 -9999.0 -9999.0 -9999.0 -9999.0 -9999.0
22.170000 22.170000 13.650000 13.650000 19.940000 19.940000 20.520000 20.520000 22.440000 22.440000 12.820000 12.820000 20.410000 20.410000 21.890000 21.890000 23.330000 23.330000 23.020000 23.020000 22.440000 22.440000 25.180000 25.180000 18.810000 18.810000 21.740000 21.740000 27.020000 27.020000 26.500000 26.500000 14.180000 14.180000 20.780000 20.780000 23.730000 23.730000 28.770000 28.770000 24.480000 24.480000 20.810000 20.810000 19.840000 19.840000 22.230000 22.230000 17.610000 17.610000 21.090000 21.090000 13.490000 13.490000 -9999.0 -9999.0 -9999.0 -9999.0 -9999.0 -9999.0
22.170000 22.170000 13.650000 13.650000 19.940000 19.940000 20.520000 20.520000 22.440000 22.440000 12.820000 12.820000 20.410000 20.410000 21.890000 21.890000 23.330000 23.330000 23.020000 23.020000 22.440000 22.440000 25.180000 25.180000 18.810000 18.810000 21.740000 21.740000 27.020000 27.020000 26.500000 26.500000 14.180000 14.180000 20.780000 20.780000 23.730000 23.730000 28.770000 28.770000 24.480000 24.480000 20.810000 20.810000 19.840000 19.840000 22.230000 22.230000 17.610000 17.610000 21.090000 21.090000 13.490000 13.490000 -9999.0 -9999.0 -9999.0 -9999.0 -9999.0 -9999.0
23.680000 23.680000 17.400000 17.400000 22.940000 22.940000 23.700000 23.700000 24.360000 24.360000 19.890000 19.890000 14.690000 14.690000 13.450000 13.450000 19.530000 19.530000 23.210000 23.210000 26.410000 26.410000 26.590000 26.590000 27.290000 27.290000 17.510000 17.510000 28.700000 28.700000 32.810000 32.810000 18.880000 18.880000 27.830000 27.830000 26.260000 26.260000 36.900000 36.900000 30.800000 30.800000 14.240000 14.240000 16.580000 16.580000 16.720000 16.720000 15.570000 15.570000 16.600000 16.600000 23.980000 23.980000 -9999.0 -9999.0 -9999.0 -9999.0 -9999.0 -9999.0
23.680000 23.680000 17.400000 17.400000 22.940000 22.940000 23.700000 23.700000 24.360000 24.360000 19.890000 19.890000 14.690000 14.690000 13.450000 13.450000 19.530000 19.530000 23.210000 23.210000 26.410000 26.410000 26.590000 26.590000 27.290000 27.290000 17.510000 17.510000 28.700000 28.700000 32.810000 32.810000 18.880000 18.880000 27.830000 27.830000 26.260000 26.260000 36.900000 36.900000 30.800000 30.800000 14.240000 14.240000 16.580000 16.580000 16.720000 16.720000 15.570000 15.570000 16.600000 16.600000 23.980000 23.980000 -9999.0 -9999.0 -9999.0 -9999.0 -9999.0 -9999.0
29.650000 29.650000 26.340000 26.340000 27.620000 27.620000 18.660000 18.660000 18.580000 18.580000 17.390000 17.390000 20.650000 20.650000 7.370000 7.370000 19.370000 19.370000 18.740000 18.740000 18.500000 18.500000 24.170000 24.170000 32.580000 32.580000 29.790000 29.790000 20.700000 20.700000 31.180000 31.180000 28.970000 28.970000 29.030000 29.030000 24.940000 24.940000 31.540000 31.540000 32.610000 32.610000 23.810000 23.810000 18.360000 18.360000 18.790000 18.790000 20.890000 20.890000 16.540000 16.540000 17.660000 17.660000 24.940000 24.940000 23.320000 23.320000 -9999.0 -9999.0
29.650000 29.650000 26.340000 26.340000 27.620000 27.620000 18.660000 18.660000 18.580000 18.580000 17.390000 17.390000 20.650000 20.650000 7.370000 7.370000 19.370000 19.370000 18.740000 18.740000 18.500000 18.500000 24.170000 24.170000 32.580000 32.580000 29.790000 29.790000 20.700000 20.700000 31.180000 31.180000 28.970000 28.970000 29.030000 29.030000 24.940000 24.940000 31.540000 31.540000 32.610000 32.610000 23.810000 23.810000 18.360000 18.360000 18.790000 18.790000 20.890000 20.890000 16.540000 16.540000 17.660000 17.660000 24.940000 24.940000 23.320000 23.320000 -9999.0 -9999.0
22.370000 22.370000 19.070000 19.070000 18.020000 18.020000 19.030000 19.030000 17.200000 17.200000 26.720000 26.720000 19.620000 19.620000 16.270000 16.270000 22.870000 22.870000 19.600000 19.600000 25.350000 25.350000 24.450000 24.450000 27.300000 27.300000 25.430000 25.430000 23.770000 23.770000 31.260000 31.260000 32.060000 32.060000 26.410000 26.410000 29.800000 29.800000 37.370000 37.370000 32.150000 32.150000 32.050000 32.050000 17.360000 17.360000 13.800000 13.800000 19.320000 19.320000 11.020000 11.020000 12.540000 12.540000 28.080000 28.080000 31.540000 31.540000 -9999.0 -9999.0
22.370000 22.370000 19.070000 19.070000 18.020000 18.020000 19.030000 19.030000 17.200000 17.200000 26.720000 26.720000 19.620000 19.620000 16.270000 16.270000 22.870000 22.870000 19.600000 19.600000 25.350000 25.350000 24.450000 24.450000 27.300000 27.300000 25.430000 25.430000 23.770000 23.770000 31.260000 31.260000 32.060000 32.060000 26.410000 26.410000 29.800000 29.800000 37.370000 37.370000 32.150000 32.150000 32.050000 32.050000 17.360000 17.360000 13.800000 13.800000 19.320000 19.320000 11.020000 11.020000 12.540000 12.540000 28.080000 28.080000 31.540000 31.540000 -9999.0 -9999.0
20.040000 20.040000 28.770000 28.770000 19.020000 19.020000 17.800000 17.800000 18.220000 18.220000 18.860000 18.860000 19.750000 19.750000 24.520000 24.520000 24.910000 24.910000 16.230000 16.230000 31.000000 31.000000 23.570000 23.570000 29.990000 29.990000 23.970000 23.970000 23.300000 23.300000 18.650000 18.650000 18.920000 18.920000 24.840000 24.840000 36.230000 36.230000 31.520000 31.520000 25.480000 25.480000 25.250000 25.250000 24.850000 24.850000 11.030000 11.030000 13.680000 13.680000 19.960000 19.960000 29.270000 29.270000 35.940000 35.940000 31.010000 31.010000 28.540000 28.540000
20.040000 20.040000 28.770000 28.770000 19.020000 19.020000 17.800000 17.800000 18.220000 18.220000 18.860000 18.860000 19.750000 19.750000 24.520000 24.520000 24.910000 24.910000 16.230000 16.230000 31.000000 31.000000 23.570000 23.570000 29.990000 29.990000 23.970000 23.970000 23.300000 23.300000 18.650000 18.650000 18.920000 18.920000 24.840000 24.840000 36.230000 36.230000 31.520000 31.520000 25.480000 25.480000 25.250000 25.250000 24.850000 24.850000 11.030000 11.030000 13.680000 13.680000 19.960000 19.960000 29.270000 29.270000 35.940000 35.940000 31.010000 31.010000 28.540000 28.540000
18.620000 18.620000 19.230000 19.230000 18.200000 18.200000 20.050000 20.050000 20.940000 20.940000 28.300000 28.300000 23.210000 23.210000 15.710000 15.710000 22.120000 22.120000 18.130000 18.130000 16.690000 16.690000 13.890000 13.890000 21.250000 21.250000 21.280000 21.280000 19.390000 19.390000 16.910000 16.910000 22.150000 22.150000 26.530000 26.530000 18.650000 18.650000 22.940000 22.940000 28.600000 28.600000 25.840000 25.840000 22.660000 22.660000 17.800000 17.800000 22.600000 22.600000 27.330000 27.330000 30.060000 30.060000 34.230000 34.230000 30.630000 30.630000 23.730000 23.730000
18.620000 18.620000 19.230000 19.230000 18.200000 18.200000 20.050000 20.050000 20.940000 20.940000 28.300000 28.300000 23.210000 23.210000 15.710000 15.710000 22.120000 22.120000 18.130000 18.130000 16.690000 16.690000 13.890000 13.890000 21.250000 21.250000 21.280000 21.280000 19.390000 19.390000 16.910000 16.910000 22.150000 22.150000 26.530000 26.530000 18.650000 18.650000 22.940000 22.940000 28.600000 28.600000 25.840000 25.840000 22.660000 22.660000 17.800000 17.800000 22.600000 22.600000 27.330000 27.330000 30.060000 30.060000 34.230000 34.230000 30.630000 30.630000 23.730000 23.730000
22.460000 22.460000 18.880000 18.880000 8.840000 8.840000 15.540000 15.540000 15.000000 15.000000 32.720000 32.720000 19.800000 19.800000 27.600000 27.600000 25.750000 25.750000 22.870000 22.870000 15.310000 15.310000 23.130000 23.130000 17.000000 17.000000 24.160000 24.160000 24.570000 24.570000 26.650000 26.650000 24.540000 24.540000 25.280000 25.280000 29.320000 29.320000 29.370000 29.370000 21.040000 21.040000 22.050000 22.050000 23.550000 23.550000 16.510000 16.510000 29.080000 29.080000 30.460000 30.460000 24.580000 24.580000 30.460000 30.460000 33.320000 33.320000 25.280000 25.280000
22.460000 22.460000 18.880000 18.880000 8.840000 8.840000 15.540000 15.540000 15.000000 15.000000 32.720000 32.720000 19.800000 19.800000 27.600000 27.600000 25.750000 25.750000 22.870000 22.870000 15.310000 15.310000 23.130000 23.130000 17.000000 17.000000 24.160000 24.160000 24.570000 24.570000 26.650000 26.650000 24.540000 24.540000 25.280000 25.280000 29.320000 29.320000 29.370000 29.370000 21.040000 21.040000 22.050000 22.050000 23.550000 23.550000 16.510000 16.510000 29.080000 29.080000 30.460000 30.460000 24.580000 24.580000 30.460000 30.460000 33.320000 33.320000 25.280000 25.280000
11.690000 11.690000 22.610000 22.610000 9.750000 9.750000 14.350000 14.350000 8.370000 8.370000 20.630000 20.630000 19.540000 19.540000 23.530000 23.530000 22.050000 22.050000 17.690000 17.690000 9.900000 9.900000 27.280000 27.280000 13.730000 13.730000 18.700000 18.700000 22.810000 22.810000 15.780000 15.780000 18.950000 18.950000 22.740000 22.740000 32.060000 32.060000 22.830000 22.830000 30.870000 30.870000 27.680000 27.680000 20.550000 20.550000 24.840000 24.840000 35.280000 35.280000 32.030000 32.030000 33.730000 33.730000 31.280000 31.280000 31.100000 31.100000 14.230000 14.230000
11.690000 11.690000 22.610000 22.610000 9.750000 9.750000 14.350000 14.350000 8.370000 8.370000 20.630000 20.630000 19.540000 19.540000 23.530000 23.530000 22.050000 22.050000 17.690000 17.690000 9.900000 9.900000 27.280000 27.280000 13.730000 13.730000 18.700000 18.700000 22.810000 22.810000 15.780000 15.780000 18.950000 18.950000 22.740000 22.740000 32.060000 32.060000 22.830000 22.830000 30.870000 30.870000 27.680000 27.680000 20.550000 20.550000 24.840000 24.840000 35.280000 35.280000 32.030000 32.030000 33.730000 33.730000 31.280000 31.280000 31.100000 31.100000 14.230000 14.230000
22.700000 22.700000 21.750000 21.750000 20.230000 20.230000 22.590000 22.590000 12.300000 12.300000 22.120000 22.120000 12.680000 12.680000 25.510000 25.510000 20.900000 20.900000 16.060000 16.060000 8.940000 8.940000 12.310000 12.310000 12.770000 12.770000 16.470000 16.470000 13.650000 13.650000 12.540000 12.540000 20.830000 20.830000 16.420000 16.420000 28.720000 28.720000 35.840000 35.840000 36.610000 36.610000 29.780000 29.780000 29.390000 29.390000 34.100000 34.100000 31.790000 31.790000 24.590000 24.590000 30.160000 30.160000 27.630000 27.630000 15.350000 15.350000 1.530000 1.530000
22.700000 22.700000 21.750000 21.750000 20.230000 20.230000 22.590000 22.590000 12.300000 12.300000 22.120000 22.120000 12.680000 12.680000 25.510000 25.510000 20.900000 20.900000 16.060000 16.060000 8.940000 8.940000 12.310000 12.310000 12.770000 12.770000 16.470000 16.470000 13.650000 13.650000 12.540000 12.540000 20.830000 20.830000 16.420000 16.420000 28.720000 28.720000 35.840000 35.840000 36.610000 36.610000 29.780000 29.780000 29.390000 29.390000 34.100000 34.100000 31.790000 31.790000 24.590000 24.590000 30.160000 30.160000 27.630000 27.630000 15.350000 15.350000 1.530000 1.530000
16.990000 16.990000 14.860000 14.860000 28.130000 28.130000 27.970000 27.970000 17.290000 17.290000 24.880000 24.880000 26.660000 26.660000 30.200000 30.200000 26.150000 26.150000 21.750000 21.750000 22.810000 22.810000 18.740000 18.740000 18.630000 18.630000 27.710000 27.710000 16.970000 16.970000 19.190000 19.190000 20.070000 20.070000 20.950000 20.950000 33.660000 33.660000 34.340000 34.340000 34.180000 34.180000 32.670000 32.670000 28.720000 28.720000 34.740000 34.740000 25.880000 25.880000 21.010000 21.010000 16.050000 16.050000 10.200000 10.200000 2.710000 2.710000 9.100000 9.100000
16.990000 16.990000 14.860000 14.860000 28.130000 28.130000 27.970000 27.970000 17.290000 17.290000 24.880000 24.880000 26.660000 26.660000 30.200000 30.200000 26.150000 26.150000 21.750000 21.750000 22.810000 22.810000 18.740000 18.740000 18.630000 18.630000 27.710000 27.710000 16.970000 16.970000 19.190000 19.190000 20.070000 20.070000 20.950000 20.950000 33.660000 33.660000 34.340000 34.340000 34.180000 34.180000 32.670000 32.670000 28.720000 28.720000 34.740000 34.740000 25.880000 25.880000 21.010000 21.010000 16.050000 16.050000 10.200000 10.200000 2.710000 2.710000 9.100000 9.100000
20.480000 20.480000 18.730000 18.730000 27.030000 27.030000 19.320000 19.320000 25.460000 25.460000 22.330000 22.330000 26.400000 26.400000 25.570000 25.570000 21.920000 21.920000 22.800000 22.800000 27.830000 27.830000 27.180000 27.180000 28.030000 28.030000 27.230000 27.230000 25.990000 25.990000 22.180000 22.180000 28.480000 28.480000 28.380000 28.380000 36.470000 36.470000 32.590000 32.590000 23.300000 23.300000 23.010000 23.010000 15.380000 15.380000 21.320000 21.320000 11.380000 11.380000 7.520000 7.520000 4.160000 4.160000 2.400000 2.400000 11.400000 11.400000 19.630000 19.630000
20.480000 20.480000 18.730000 18.730000 27.030000 27.030000 19.320000 19.320000 25.460000 25.460000 22.330000 22.330000 26.400000 26.400000 25.570000 25.570000 21.920000 21.920000 22.800000 22.800000 27.830000 27.830000 27.180000 27.180000 28.030000 28.030000 27.230000 27.230000 25.990000 25.990000 22.180000 22.180000 28.480000 28.480000 28.380000 28.380000 36.470000 36.470000 32.590000 32.590000 23.300000 23.300000 23.010000 23.010000 15.380000 15.380000 21.320000 21.320000 11.380000 11.380000 7.520000 7.520000 4.160000 4.160000 2.400000 2.400000 11.400000 11.400000 19.630000 19.630000
24.420000 24.420000 19.670000 19.670000 27.150000 27.150000 25.050000 25.050000 26.270000 26.270000 28.830000 28.830000 26.680000 26.680000 16.770000 16.770000 20.600000 20.600000 27.550000 27.550000 26.270000 26.270000 27.740000 27.740000 23.250000 23.250000 20.480000 20.480000 28.210000 28.210000 27.600000 27.600000 27.960000 27.960000 25.360000 25.360000 34.190000 34.190000 26.610000 26.610000 16.790000 16.790000 11.250000 11.250000 11.170000 11.170000 9.020000 9.020000 3.610000 3.610000 6.930000 6.930000 13.850000 13.850000 18.050000 18.050000 21.540000 21.540000 23.540000 23.540000
24.420000 24.420000 19.670000 19.670000 27.150000 27.150000 25.050000 25.050000 26.270000 26.270000 28.830000 28.830000 26.680000 26.680000 16.770000 16.770000 20.600000 20.600000 27.550000 27.550000 26.270000 26.270000 27.740000 27.740000 23.250000 23.250000 20.480000 20.480000 28.210000 28.210000 27.600000 27.600000 27.960000 27.960000 25.360000 25.360000 34.190000 34.190000 26.610000 26.610000 16.790000 16.790000 11.250000 11.250000 11.170000 11.170000 9.020000 9.020000 3.610000 3.610000 6.930000 6.930000 13.850000 13.850000 18.050000 18.050000 21.540000 21.540000 23.540000 23.540000
27.310000 27.310000 23.960000 23.960000 13.470000 13.470000 19.990000 19.990000 19.310000 19.310000 24.490000 24.490000 20.300000 20.300000 18.580000 18.580000 22.960000 22.960000 29.540000 29.540000 29.030000 29.030000 25.880000 25.880000 22.480000 22.480000 21.940000 21.940000 30.220000 30.220000 30.750000 30.750000 26.500000 26.500000 26.100000 26.100000 18.490000 18.490000 8.710000 8.710000 10.060000 10.060000 11.820000 11.820000 13.830000 13.830000 8.900000 8.900000 14.110000 14.110000 22.760000 22.760000 22.040000 22.040000 24.740000 24.740000 22.910000 22.910000 24.450000 24.450000
27.310000 27.310000 23.960000 23.960000 13.470000 13.470000 19.990000 19.990000 19.310000 19.310000 24.490000 24.490000 20.300000 20.300000 18.580000 18.580000 22.960000 22.960000 29.540000 29.540000 29.030000 29.030000 25.880000 25.880000 22.480000 22.480000 21.940000 21.940000 30.220000 30.220000 30.750000 30.750000 26.500000 26.500000 26.100000 26.100000 18.490000 18.490000 8.710000 8.710000 10.060000 10.060000 11.820000 11.820000 13.830000 13.830000 8.900000 8.900000 14.110000 14.110000 22.760000 22.760000 22.040000 22.040000 24.740000 24.740000 22.910000 22.910000 24.450000 24.450000
